2 0.000000 1339.200000 2385.184146
25 16 
1 -25.543145 0.000000 -27.178652 1258.436358 0.000000 458.033376 0.254330 
2 34.129856 0.000000 -27.178652 1259.121662 -0.000000 457.972669 0.253161 
3 34.129856 0.000000 27.124091 1258.779448 0.000000 456.434092 0.252804 
4 -25.543145 0.000000 27.124091 1258.436358 0.000000 458.033376 0.254330 
5 4.293355 0.000000 -0.027280 1258.059158 0.000000 -0.000000 0.122562 
6 -25.543145 0.000000 -0.027280 1258.436358 0.000000 458.033376 0.254330 
7 4.293355 0.000000 -27.178652 1258.436358 0.000000 458.033376 0.254330 
8 34.129856 0.000000 -0.027280 1260.497016 0.000000 452.678024 0.247735 
9 4.293355 0.000000 27.124091 1258.436358 0.000000 458.033376 0.254330 
10 -10.624895 0.000000 -13.602966 1258.436358 0.000000 458.033376 0.254330 
11 -25.543145 0.000000 -13.602966 1258.436358 0.000000 458.033376 0.254330 
12 -10.624895 0.000000 -27.178652 1258.436358 0.000000 458.033376 0.254330 
13 4.293355 0.000000 -13.602966 1258.436358 0.000000 458.033376 0.254330 
14 -10.624895 0.000000 -0.027280 1258.436358 0.000000 458.033376 0.254330 
15 19.211606 0.000000 -13.602966 1260.567321 0.000000 457.294123 0.250367 
16 19.211606 0.000000 -27.178652 1258.436358 0.000000 458.033376 0.254330 
17 34.129856 0.000000 -13.602966 1259.006285 0.000000 457.202365 0.252889 
18 19.211606 0.000000 -0.027280 1267.698460 0.000000 433.915700 0.225104 
19 19.211606 0.000000 13.548406 1260.428234 -0.000000 451.902824 0.247389 
20 4.293355 0.000000 13.548406 1258.436358 0.000000 458.033376 0.254330 
21 34.129856 0.000000 13.548406 1272.618451 0.000000 419.036924 0.208927 
22 19.211606 0.000000 27.124091 1258.436358 0.000000 458.033376 0.254330 
23 -10.624895 0.000000 13.548406 1258.436358 0.000000 458.033376 0.254330 
24 -25.543145 0.000000 13.548406 1258.436358 0.000000 458.033376 0.254330 
25 -10.624895 0.000000 27.124091 1258.436358 0.000000 458.033376 0.254330 
1 1 12 10 11 
2 12 7 13 10 
3 10 13 5 14 
4 11 10 14 6 
5 7 16 15 13 
6 16 2 17 15 
7 15 17 8 18 
8 13 15 18 5 
9 5 18 19 20 
10 18 8 21 19 
11 19 21 3 22 
12 20 19 22 9 
13 6 14 23 24 
14 14 5 20 23 
15 23 20 9 25 
16 24 23 25 4 
