Force Coefficients for group 0 --> /Users/gabrielkern/Documents/hypersonics/supersonicUAV/OpenVSP/Mach1_Sizing 

      Time              Cx               Cy               Cz               Cxo              Cyo              Czo              Cxi              Cyi              Czi              Cmx              Cmy              Cmz             Cmxo            Cmyo              Cmzo             Cmxi             Cmyi             Cmzi              CL               CD               CS              CLo              CDo              CSo              CLi               CDi             CSi              Cwx              Cwy              Cwz              Cxiw             Cyiw             Cziw             CLw              CDw              CSw               CLiw            CDiw             CSiw
  1.000000000000   0.003525926972   0.000000000000   0.000000000000   0.003525926972   0.000000000000   0.000000000000   0.000000000000   0.000000000000   0.000000000000   0.000000000000  -0.000014027240  -0.000000000000   0.000000000000  -0.000014027240  -0.000000000000   0.000000000000   0.000000000000   0.000000000000  -0.001205938048   0.003313287557   0.000000000000  -0.001205938048   0.003313287557   0.000000000000   0.000000000000   0.000000000000   0.000000000000   0.003525926972   0.000000000000   0.000000000000   0.000000000000   0.000000000000   0.000000000000  -0.001205938048   0.003313287557   0.000000000000   0.000000000000   0.000000000000   0.000000000000 
  2.000000000000   0.138016787211   0.000000000000   0.794030800684   0.138007859535   0.000000000000   0.000000000000   0.000008927676   0.000000000000   0.794030800684   0.000000000000  -0.149905690790   0.000000000000   0.000000000000  -0.001528936712   0.000000000000   0.000000000000  -0.148376754078   0.000000000000   0.698940362736   0.401267884742   0.000000000000  -0.047201467898   0.129684967215   0.000000000000   0.746141830634   0.271582917527   0.000000000000   0.138007859535   0.000000000000   0.000000000000   0.000000000000   0.000000000000   0.000000000000  -0.047201467898   0.129684967215   0.000000000000   0.000000000000   0.000000000000   0.000000000000 
  3.000000000000   0.234008394769   0.000000000000   0.716817152636   0.234008372663   0.000000000000   0.000000000000   0.000000022106   0.000000000000   0.716817152636   0.000000000000  -0.083555412374   0.000000000000   0.000000000000  -0.002627057714   0.000000000000   0.000000000000  -0.080928354660   0.000000000000   0.593552204067   0.465061867050   0.000000000000  -0.080035577158   0.219895940994   0.000000000000   0.673587781224   0.245165926056   0.000000000000   0.234008372663   0.000000000000   0.000000000000   0.000000000000   0.000000000000   0.000000000000  -0.080035577158   0.219895940994   0.000000000000   0.000000000000   0.000000000000   0.000000000000 
  4.000000000000   0.306002497952   0.000000000000   0.658901411216   0.306002497960   0.000000000000   0.000000000000  -0.000000000008   0.000000000000   0.658901411216  -0.000000000000  -0.033787595532   0.000000000000   0.000000000000  -0.003450440830   0.000000000000  -0.000000000000  -0.030337154702   0.000000000000   0.514505775737   0.512905844369   0.000000000000  -0.104659018210   0.287548289276   0.000000000000   0.619164793947   0.225357555094   0.000000000000   0.306002497960   0.000000000000   0.000000000000   0.000000000000   0.000000000000   0.000000000000  -0.104659018210   0.287548289276   0.000000000000   0.000000000000   0.000000000000   0.000000000000 
  5.000000000000   0.359998113003  -0.000000000000   0.615464666995   0.359998113003   0.000000000000   0.000000000000  -0.000000000000  -0.000000000000   0.615464666995  -0.000000000000   0.003538234567   0.000000000000   0.000000000000  -0.004067978365   0.000000000000  -0.000000000000   0.007606212932  -0.000000000000   0.455220999723   0.548788883903  -0.000000000000  -0.123126606206   0.338287570286   0.000000000000   0.578347605929   0.210501313617  -0.000000000000   0.359998113003   0.000000000000   0.000000000000   0.000000000000   0.000000000000   0.000000000000  -0.123126606206   0.338287570286   0.000000000000   0.000000000000   0.000000000000   0.000000000000 
  6.000000000000   0.400494824290   0.000000000000   0.582887108831   0.400494824290   0.000000000000   0.000000000000  -0.000000000000   0.000000000000   0.582887108831  -0.000000000000   0.031532607141   0.000000000000   0.000000000000  -0.004531131516   0.000000000000  -0.000000000000   0.036063738656   0.000000000000   0.410757417715   0.575701163553   0.000000000000  -0.136977297205   0.376342031048   0.000000000000   0.547734714920   0.199359132505   0.000000000000   0.400494824290   0.000000000000   0.000000000000   0.000000000000   0.000000000000   0.000000000000  -0.136977297205   0.376342031048   0.000000000000   0.000000000000   0.000000000000   0.000000000000 
  7.000000000000   0.430867357755  -0.000000000000   0.558453940208   0.430867357755   0.000000000000   0.000000000000   0.000000000000  -0.000000000000   0.558453940208  -0.000000000000   0.052528386571   0.000000000000   0.000000000000  -0.004878496379   0.000000000000  -0.000000000000   0.057406882950  -0.000000000000   0.377409731209   0.595885373291  -0.000000000000  -0.147365315454   0.404882876620   0.000000000000   0.524775046662   0.191002496671  -0.000000000000   0.430867357755   0.000000000000   0.000000000000   0.000000000000   0.000000000000   0.000000000000  -0.147365315454   0.404882876620   0.000000000000   0.000000000000   0.000000000000   0.000000000000 
  8.000000000000   0.453646757854   0.000000000000   0.540129063741   0.453646757854   0.000000000000   0.000000000000  -0.000000000000   0.000000000000   0.540129063741  -0.000000000000   0.068275221143   0.000000000000   0.000000000000  -0.005139020026   0.000000000000  -0.000000000000   0.073414241170   0.000000000000   0.352398966329   0.611023530594   0.000000000000  -0.155156329141   0.426288510799   0.000000000000   0.507555295469   0.184735019795   0.000000000000   0.453646757854   0.000000000000   0.000000000000   0.000000000000   0.000000000000   0.000000000000  -0.155156329141   0.426288510799   0.000000000000   0.000000000000   0.000000000000   0.000000000000 
  9.000000000000   0.470731307929   0.000000000000   0.526385406391   0.470731307929   0.000000000000   0.000000000000   0.000000000000   0.000000000000   0.526385406391  -0.000000000000   0.080085347073   0.000000000000   0.000000000000  -0.005334412762   0.000000000000  -0.000000000000   0.085419759835   0.000000000000   0.333640892669   0.622377148572   0.000000000000  -0.160999589406   0.442342736433   0.000000000000   0.494640482075   0.180034412138   0.000000000000   0.470731307929   0.000000000000   0.000000000000   0.000000000000   0.000000000000   0.000000000000  -0.160999589406   0.442342736433   0.000000000000   0.000000000000   0.000000000000   0.000000000000 
 10.000000000000   0.483544720484  -0.000000000000   0.516077663378   0.483544720484   0.000000000000   0.000000000000   0.000000000000  -0.000000000000   0.516077663378  -0.000000000000   0.088942941520   0.000000000000   0.000000000000  -0.005480957313   0.000000000000  -0.000000000000   0.094423898833   0.000000000000   0.319572337424   0.630892362055  -0.000000000000  -0.165382034604   0.454383405659   0.000000000000   0.484954372029   0.176508956396  -0.000000000000   0.483544720484   0.000000000000   0.000000000000   0.000000000000   0.000000000000   0.000000000000  -0.165382034604   0.454383405659   0.000000000000   0.000000000000   0.000000000000   0.000000000000 
