2 0.000000 1339.200000 2385.184146
25 16 
1 -25.543145 0.000000 -27.178652 1326.166998 0.000000 186.380617 0.039282 
2 34.129856 0.000000 -27.178652 1326.676112 0.000000 186.258727 0.038481 
3 34.129856 0.000000 27.124091 1325.876390 0.000000 185.926165 0.039626 
4 -25.543145 0.000000 27.124091 1326.166998 0.000000 186.380617 0.039282 
5 4.293355 0.000000 -0.027280 1326.013509 0.000000 -0.000000 0.019735 
6 -25.543145 0.000000 -0.027280 1326.166998 0.000000 186.380617 0.039282 
7 4.293355 0.000000 -27.178652 1326.166998 0.000000 186.380617 0.039282 
8 34.129856 0.000000 -0.027280 1329.223519 -0.000000 164.864198 0.030324 
9 4.293355 0.000000 27.124091 1326.166998 0.000000 186.380617 0.039282 
10 -10.624895 0.000000 -13.602966 1326.166998 0.000000 186.380617 0.039282 
11 -25.543145 0.000000 -13.602966 1326.166998 0.000000 186.380617 0.039282 
12 -10.624895 0.000000 -27.178652 1326.166998 0.000000 186.380617 0.039282 
13 4.293355 0.000000 -13.602966 1326.166998 0.000000 186.380617 0.039282 
14 -10.624895 0.000000 -0.027280 1326.166998 0.000000 186.380617 0.039282 
15 19.211606 0.000000 -13.602966 1328.673723 0.000000 186.152930 0.035423 
16 19.211606 0.000000 -27.178652 1326.166998 0.000000 186.380617 0.039282 
17 34.129856 0.000000 -13.602966 1326.490521 0.000000 185.184781 0.038535 
18 19.211606 0.000000 -0.027280 1334.208386 0.000000 130.249123 0.017003 
19 19.211606 0.000000 13.548406 1324.615466 -0.000000 184.964986 0.041339 
20 4.293355 0.000000 13.548406 1326.166998 0.000000 186.380617 0.039282 
21 34.129856 0.000000 13.548406 1326.642767 0.000000 182.430295 0.037724 
22 19.211606 0.000000 27.124091 1326.166998 0.000000 186.380617 0.039282 
23 -10.624895 0.000000 13.548406 1326.166998 0.000000 186.380617 0.039282 
24 -25.543145 0.000000 13.548406 1326.166998 0.000000 186.380617 0.039282 
25 -10.624895 0.000000 27.124091 1326.166998 0.000000 186.380617 0.039282 
1 1 12 10 11 
2 12 7 13 10 
3 10 13 5 14 
4 11 10 14 6 
5 7 16 15 13 
6 16 2 17 15 
7 15 17 8 18 
8 13 15 18 5 
9 5 18 19 20 
10 18 8 21 19 
11 19 21 3 22 
12 20 19 22 9 
13 6 14 23 24 
14 14 5 20 23 
15 23 20 9 25 
16 24 23 25 4 
