Force Coefficients for group 0 --> /Users/gabrielkern/Documents/hypersonics/supersonicUAV/OpenVSP/OpenVSPConceptualDesign/Mach1UAV_V2 

      Time              Cx               Cy               Cz               Cxo              Cyo              Czo              Cxi              Cyi              Czi              Cmx              Cmy              Cmz             Cmxo            Cmyo              Cmzo             Cmxi             Cmyi             Cmzi              CL               CD               CS              CLo              CDo              CSo              CLi               CDi             CSi              Cwx              Cwy              Cwz              Cxiw             Cyiw             Cziw             CLw              CDw              CSw               CLiw            CDiw             CSiw
  1.000000000000   0.004925688322   0.000000000000   0.000000000000   0.004925688322   0.000000000000   0.000000000000   0.000000000000   0.000000000000   0.000000000000   0.000000000000  -0.000042173623   0.000000000000   0.000000000000  -0.000042173623   0.000000000000   0.000000000000   0.000000000000   0.000000000000  -0.001684684626   0.004628632969   0.000000000000  -0.001684684626   0.004628632969   0.000000000000   0.000000000000   0.000000000000   0.000000000000   0.004925688322   0.000000000000   0.000000000000   0.000000000000   0.000000000000   0.000000000000  -0.001684684626   0.004628632969   0.000000000000   0.000000000000   0.000000000000   0.000000000000 
  2.000000000000   0.049298902477  -0.000165987533   0.627731702262   0.049300158228   0.000000000000   0.000000000000  -0.000001255751  -0.000165987533   0.627731702262  -0.000313354985  -0.063820311450   0.000089579251   0.000000000000  -0.001689702969   0.000203099706  -0.000313354985  -0.062130608481  -0.000113520455   0.573013630758   0.261022701648  -0.000165987533  -0.016861647183   0.046326994891   0.000000000000   0.589875277941   0.214695706757  -0.000165987533   0.049300158228   0.000000000000   0.000000000000   0.000000000000   0.000000000000   0.000000000000  -0.016861647183   0.046326994891   0.000000000000   0.000000000000   0.000000000000   0.000000000000 
  3.000000000000   0.079295691989   0.000016161271   0.602864728604   0.079984436758   0.000000000000   0.000000000000  -0.000688744769   0.000016161271   0.602864728604   0.000085831476  -0.057225211683   0.000108148540   0.000000000000  -0.002837666379   0.000105599807   0.000085831476  -0.054387545305   0.000002548733   0.539386812862   0.280705457505   0.000016161271  -0.027356288524   0.075160784999   0.000000000000   0.566743101385   0.205544672506   0.000016161271   0.079984436758   0.000000000000   0.000000000000   0.000000000000   0.000000000000   0.000000000000  -0.027356288524   0.075160784999   0.000000000000   0.000000000000   0.000000000000   0.000000000000 
  4.000000000000   0.102747636542   0.000013944573   0.585142447253   0.103223983292   0.000000000000   0.000000000000  -0.000476346749   0.000013944573   0.585142447253   0.000068267563  -0.051948211071   0.000082975856   0.000000000000  -0.003710275173   0.000075855827   0.000068267563  -0.048237935898   0.000007120029   0.514712278416   0.296681699537   0.000013944573  -0.035304681560   0.096998815387   0.000000000000   0.550016959976   0.199682884150   0.000013944573   0.103223983292   0.000000000000   0.000000000000   0.000000000000   0.000000000000   0.000000000000  -0.035304681560   0.096998815387   0.000000000000   0.000000000000   0.000000000000   0.000000000000 
  5.000000000000   0.120495877641   0.000010105127   0.571777062109   0.120838820674   0.000000000000   0.000000000000  -0.000342943033   0.000010105127   0.571777062109   0.000051050953  -0.047866551139   0.000062663237   0.000000000000  -0.004373968302   0.000056789501   0.000051050953  -0.043492582837   0.000005873736   0.496082668657   0.308788359787   0.000010105127  -0.041329310766   0.113551348092   0.000000000000   0.537411979424   0.195237011695   0.000010105127   0.120838820674   0.000000000000   0.000000000000   0.000000000000   0.000000000000   0.000000000000  -0.041329310766   0.113551348092   0.000000000000   0.000000000000   0.000000000000   0.000000000000 
  6.000000000000   0.133921507339   0.000007565582   0.561666161973   0.134176575396   0.000000000000   0.000000000000  -0.000255068057   0.000007565582   0.561666161973   0.000038249279  -0.044723148585   0.000046997765   0.000000000000  -0.004878699428   0.000042646864   0.000038249279  -0.039844449157   0.000004350901   0.481989694616   0.317946193430   0.000007565582  -0.045891091548   0.126084737782   0.000000000000   0.527880786164   0.191861455648   0.000007565582   0.134176575396   0.000000000000   0.000000000000   0.000000000000   0.000000000000   0.000000000000  -0.045891091548   0.126084737782   0.000000000000   0.000000000000   0.000000000000   0.000000000000 
  7.000000000000   0.144077785040   0.000005674743   0.554006576110   0.144267848466   0.000000000000   0.000000000000  -0.000190063426   0.000005674743   0.554006576110   0.000028694476  -0.042295394498   0.000035257909   0.000000000000  -0.005262053069   0.000032009508   0.000028694476  -0.037033341429   0.000003248400   0.471318386748   0.324870239986   0.000005674743  -0.049342510210   0.135567432620   0.000000000000   0.520660896957   0.189302807366   0.000005674743   0.144267848466   0.000000000000   0.000000000000   0.000000000000   0.000000000000   0.000000000000  -0.049342510210   0.135567432620   0.000000000000   0.000000000000   0.000000000000   0.000000000000 
  8.000000000000   0.151758728863   0.000004256663   0.548205701264   0.151900403691   0.000000000000   0.000000000000  -0.000141674827   0.000004256663   0.548205701264   0.000021528261  -0.040423062592   0.000026452391   0.000000000000  -0.005553062267   0.000024018501   0.000021528261  -0.034870000324   0.000002433889   0.463240309954   0.330103950171   0.000004256663  -0.051952997842   0.142739688443   0.000000000000   0.515193307796   0.187364261728   0.000004256663   0.151900403691   0.000000000000   0.000000000000   0.000000000000   0.000000000000   0.000000000000  -0.051952997842   0.142739688443   0.000000000000   0.000000000000   0.000000000000   0.000000000000 
  9.000000000000   0.157566239330   0.000003192783   0.543813703554   0.157672006531   0.000000000000   0.000000000000  -0.000105767200   0.000003192783   0.543813703554   0.000016150303  -0.038980969003   0.000019844316   0.000000000000  -0.005773887741   0.000018019800   0.000016150303  -0.033207081261   0.000001824515   0.457126896553   0.334059073216   0.000003192783  -0.053927002272   0.148163221041   0.000000000000   0.511053898825   0.185895852174   0.000003192783   0.157672006531   0.000000000000   0.000000000000   0.000000000000   0.000000000000   0.000000000000  -0.053927002272   0.148163221041   0.000000000000   0.000000000000   0.000000000000   0.000000000000 
 10.000000000000   0.161999589912   0.000002386306   0.540708768684   0.162058924083   0.000000000000   0.000000000000  -0.000059334171   0.000002386306   0.540708768684   0.000012111400  -0.037871500203   0.000014890697   0.000000000000  -0.005942716622   0.000013521177   0.000012111400  -0.031928783580   0.000001369520   0.452692916966   0.337163109773   0.000002386306  -0.055427416442   0.152285575093   0.000000000000   0.508120333408   0.184877534680   0.000002386306   0.162058924083   0.000000000000   0.000000000000   0.000000000000   0.000000000000   0.000000000000  -0.055427416442   0.152285575093   0.000000000000   0.000000000000   0.000000000000   0.000000000000 
