2 0.000000 1292.673754 2302.318507
25 16 
1 -227.782029 0.000000 -241.220512 1265.967916 0.000000 261.401356 0.084220 
2 300.026959 0.000000 -241.220512 1266.293932 0.000000 261.358436 0.083682 
3 300.026959 0.000000 245.412279 1265.820952 0.000001 261.086414 0.084352 
4 -227.782029 0.000000 245.412279 1265.967916 0.000000 261.401356 0.084220 
5 36.122465 0.000000 2.095883 1272.799518 -0.005077 3.572443 0.030857 
6 -227.782029 0.000000 2.095883 1265.967916 0.000000 261.401356 0.084220 
7 36.122465 0.000000 -241.220512 1265.967916 0.000000 261.401356 0.084220 
8 300.026959 0.000000 2.095883 1267.566790 0.000001 253.789783 0.079172 
9 36.122465 0.000000 245.412279 1265.967916 0.000000 261.401356 0.084220 
10 -95.829782 0.000000 -119.562315 1265.967916 0.000000 261.401356 0.084220 
11 -227.782029 0.000000 -119.562315 1265.967916 0.000000 261.401356 0.084220 
12 -95.829782 0.000000 -241.220512 1265.967916 0.000000 261.401356 0.084220 
13 36.122465 0.000000 -119.562315 1265.967916 0.000000 261.401356 0.084220 
14 -95.829782 0.000000 2.095883 1265.967916 0.000000 261.401356 0.084220 
15 168.074712 0.000000 -119.562315 1267.522063 0.000001 261.335279 0.081703 
16 168.074712 0.000000 -241.220512 1265.967916 0.000000 261.401356 0.084220 
17 300.026959 0.000000 -119.562315 1266.192309 0.000000 260.814609 0.083666 
18 168.074712 0.000000 2.095883 1271.660058 0.000011 234.414574 0.066674 
19 168.074712 0.000000 123.754081 1265.042150 0.000006 260.509428 0.085412 
20 36.122465 0.000000 123.754081 1265.967916 0.000000 261.401356 0.084220 
21 300.026959 0.000000 123.754081 1266.599025 0.000012 258.148256 0.082136 
22 168.074712 0.000000 245.412279 1265.967916 0.000000 261.401356 0.084220 
23 -95.829782 0.000000 123.754081 1265.967916 0.000000 261.401356 0.084220 
24 -227.782029 0.000000 123.754081 1265.967916 0.000000 261.401356 0.084220 
25 -95.829782 0.000000 245.412279 1265.967916 0.000000 261.401356 0.084220 
1 1 12 10 11 
2 12 7 13 10 
3 10 13 5 14 
4 11 10 14 6 
5 7 16 15 13 
6 16 2 17 15 
7 15 17 8 18 
8 13 15 18 5 
9 5 18 19 20 
10 18 8 21 19 
11 19 21 3 22 
12 20 19 22 9 
13 6 14 23 24 
14 14 5 20 23 
15 23 20 9 25 
16 24 23 25 4 
