...Wave Drag Slice...
Inlet Area: 0.000000
Exit Area: 0.000000

Theta:   0.00, Start:   1.18, End:  63.55
         0.00000000,          0.00000019
         0.05263158,          1.44529869
         0.10526316,          4.39759330
         0.15789474,          7.80211191
         0.21052632,          9.21504142
         0.26315789,          9.98921852
         0.31578947,         11.06094322
         0.36842105,         15.02668258
         0.42105263,         19.74645377
         0.47368421,         24.64934914
         0.52631579,         29.65900126
         0.57894737,         34.18548971
         0.63157895,         38.01057992
         0.68421053,         41.08212377
         0.73684211,         43.50118955
         0.78947368,         44.70178401
         0.84210526,         42.25338633
         0.89473684,         27.18898765
         0.94736842,          9.33661760
         1.00000000,          0.00000102

Theta:  20.00, Start:   1.11, End:  66.95
         0.00000000,          0.00000019
         0.05263158,          1.58223780
         0.10526316,          4.77729953
         0.15789474,          8.25438227
         0.21052632,          9.43798888
         0.26315789,         10.07170144
         0.31578947,         12.48338999
         0.36842105,         16.82017545
         0.42105263,         21.93138869
         0.47368421,         27.26216787
         0.52631579,         32.56572146
         0.57894737,         37.04173877
         0.63157895,         40.53414483
         0.68421053,         43.21507803
         0.73684211,         44.96258380
         0.78947368,         39.28767576
         0.84210526,         28.86618380
         0.89473684,         12.07319296
         0.94736842,          0.80027837
         1.00000000,          0.00000010

Theta:  40.00, Start:   0.91, End:  71.85
         0.00000000,          0.00000019
         0.05263158,          1.79169017
         0.10526316,          5.34000751
         0.15789474,          8.74021655
         0.21052632,          9.70231020
         0.26315789,         10.39805319
         0.31578947,         14.47250926
         0.36842105,         19.56660333
         0.42105263,         25.41117703
         0.47368421,         31.74837570
         0.52631579,         37.22531066
         0.57894737,         41.21714624
         0.63157895,         43.79300136
         0.68421053,         40.55225936
         0.73684211,         35.43583051
         0.78947368,         26.37408904
         0.84210526,          9.86086141
         0.89473684,          1.46388557
         0.94736842,          0.59973868
         1.00000000,          0.00000007

Theta:  60.00, Start:   0.59, End:  75.15
         0.00000000,          0.00000019
         0.05263158,          1.94202589
         0.10526316,          5.74470142
         0.15789474,          9.32152171
         0.21052632,          9.10875367
         0.26315789,         11.34429900
         0.31578947,         16.00093443
         0.36842105,         21.57961292
         0.42105263,         28.64331267
         0.47368421,         35.74905980
         0.52631579,         40.99420651
         0.57894737,         42.30771758
         0.63157895,         38.86061372
         0.68421053,         36.38213841
         0.73684211,         29.73794399
         0.78947368,         13.64743352
         0.84210526,          2.94030554
         0.89473684,          1.19346946
         0.94736842,          0.51631899
         1.00000000,          0.00000006

Theta:  80.00, Start:   0.21, End:  76.43
         0.00000000,          0.00000019
         0.05263158,          2.01243471
         0.10526316,          5.93337208
         0.15789474,          9.77821205
         0.21052632,          8.92423493
         0.26315789,         11.82355682
         0.31578947,         16.74012631
         0.36842105,         22.69457446
         0.42105263,         30.71546846
         0.47368421,         38.30749125
         0.52631579,         41.63467022
         0.57894737,         39.93272589
         0.63157895,         37.25158297
         0.68421053,         35.09449616
         0.73684211,         25.74131521
         0.78947368,          7.76436407
         0.84210526,          2.62832571
         0.89473684,          1.22890209
         0.94736842,          0.48698086
         1.00000000,          0.00000006

Theta: 100.00, Start:  -0.20, End:  75.54
         0.00000000,          0.00000019
         0.05263158,          1.99215756
         0.10526316,          5.87961223
         0.15789474,          9.73808800
         0.21052632,          8.93671722
         0.26315789,         11.67669426
         0.31578947,         16.53812714
         0.36842105,         22.40094939
         0.42105263,         30.44084940
         0.47368421,         38.22276657
         0.52631579,         41.47431597
         0.57894737,         39.84363686
         0.63157895,         37.53369250
         0.68421053,         35.51108420
         0.73684211,         27.01063025
         0.78947368,          9.27109360
         0.84210526,          2.56036225
         0.89473684,          1.43858069
         0.94736842,          0.49709280
         1.00000000,          0.00000006

Theta: 120.00, Start:  -0.59, End:  72.59
         0.00000000,          0.00000019
         0.05263158,          1.88458675
         0.10526316,          5.58974448
         0.15789474,          9.10792844
         0.21052632,          9.18663773
         0.26315789,         10.94051850
         0.31578947,         15.44401595
         0.36842105,         20.80305513
         0.42105263,         27.71228234
         0.47368421,         35.19536176
         0.52631579,         40.88160515
         0.57894737,         41.73491864
         0.63157895,         39.35940135
         0.68421053,         37.32488968
         0.73684211,         32.34066023
         0.78947368,         18.77923395
         0.84210526,          3.30725198
         0.89473684,          1.69759202
         0.94736842,          0.71359193
         1.00000000,          0.00000007

Theta: 140.00, Start:  -0.90, End:  70.38
         0.00000000,          0.00000019
         0.05263158,          1.80558077
         0.10526316,          5.37732820
         0.15789474,          8.76516384
         0.21052632,          9.67215511
         0.26315789,         10.48895317
         0.31578947,         14.59958165
         0.36842105,         19.75104043
         0.42105263,         25.73457137
         0.47368421,         32.40587589
         0.52631579,         38.24396856
         0.57894737,         42.26875352
         0.63157895,         42.89038792
         0.68421053,         39.71476549
         0.73684211,         35.47511672
         0.78947368,         25.33525348
         0.84210526,          7.86990170
         0.89473684,          1.39777164
         0.94736842,          0.29338162
         1.00000000,          0.00000004

Theta: 160.00, Start:  -1.11, End:  68.02
         0.00000000,          0.00000019
         0.05263158,          1.71657632
         0.10526316,          5.13856990
         0.15789474,          8.59027310
         0.21052632,          9.53598197
         0.26315789,         10.27241646
         0.31578947,         13.56838235
         0.36842105,         18.57533418
         0.42105263,         24.03408365
         0.47368421,         29.93326168
         0.52631579,         35.43249848
         0.57894737,         39.98428255
         0.63157895,         43.27973954
         0.68421053,         44.69972070
         0.73684211,         40.51423538
         0.78947368,         31.10998596
         0.84210526,         15.56371974
         0.89473684,          0.78056152
         0.94736842,          0.14141470
         1.00000000,          0.00000004

Theta: 180.00, Start:  -1.18, End:  64.71
         0.00000000,          0.00000019
         0.05263158,          1.58424574
         0.10526316,          4.78268285
         0.15789474,          8.26024828
         0.21052632,          9.29702897
         0.26315789,         10.49760811
         0.31578947,         12.20006846
         0.36842105,         16.84628308
         0.42105263,         21.96231347
         0.47368421,         27.23823761
         0.52631579,         32.62680858
         0.57894737,         37.33999677
         0.63157895,         41.11257668
         0.68421053,         44.04571464
         0.73684211,         45.17758882
         0.78947368,         41.52877079
         0.84210526,         26.41057521
         0.89473684,         10.21553374
         0.94736842,          0.26096714
         1.00000000,          0.00000007

CDWave:          0.03477342 
Mach:          1.45000000 
Set Name: Parasitic 
