...Wave Drag Slice...
Inlet Area: 0.000000
Exit Area: 0.000000

Theta:   0.00, Start:   1.15, End:  63.51
         0.00000000,          0.00000019
         0.05263158,          1.44178876
         0.10526316,          4.39134311
         0.15789474,          7.80412273
         0.21052632,          9.22759037
         0.26315789,          9.96993858
         0.31578947,         11.04975115
         0.36842105,         15.01353574
         0.42105263,         19.73291987
         0.47368421,         24.64277434
         0.52631579,         29.67596983
         0.57894737,         34.22247287
         0.63157895,         38.03170434
         0.68421053,         41.09613405
         0.73684211,         43.51615529
         0.78947368,         44.71210109
         0.84210526,         42.32757677
         0.89473684,         27.17217275
         0.94736842,          9.19728730
         1.00000000,          0.00000100

Theta:  20.00, Start:   1.08, End:  66.71
         0.00000000,          0.00000019
         0.05263158,          1.57001734
         0.10526316,          4.74732778
         0.15789474,          8.23920869
         0.21052632,          9.42677009
         0.26315789,         10.08206730
         0.31578947,         12.39953177
         0.36842105,         16.69513000
         0.42105263,         21.78961082
         0.47368421,         27.09530581
         0.52631579,         32.43069598
         0.57894737,         36.90860867
         0.63157895,         40.40555271
         0.68421053,         43.11016338
         0.73684211,         44.93381658
         0.78947368,         39.95497452
         0.84210526,         29.46795409
         0.89473684,         12.86105637
         0.94736842,          0.85008635
         1.00000000,          0.00000011

Theta:  40.00, Start:   0.88, End:  71.47
         0.00000000,          0.00000019
         0.05263158,          1.77309318
         0.10526316,          5.29447139
         0.15789474,          8.72886533
         0.21052632,          9.75870448
         0.26315789,         10.29706087
         0.31578947,         14.31633566
         0.36842105,         19.35904900
         0.42105263,         25.14223894
         0.47368421,         31.43606471
         0.52631579,         36.92638876
         0.57894737,         40.97307866
         0.63157895,         43.73331907
         0.68421053,         41.51422826
         0.73684211,         35.96669075
         0.78947368,         27.39787604
         0.84210526,         11.06199591
         0.89473684,          1.49812230
         0.94736842,          0.61006835
         1.00000000,          0.00000008

Theta:  60.00, Start:   0.57, End:  74.67
         0.00000000,          0.00000019
         0.05263158,          1.91864887
         0.10526316,          5.68672466
         0.15789474,          9.20549384
         0.21052632,          9.14987031
         0.26315789,         11.20270337
         0.31578947,         15.79077332
         0.36842105,         21.30133017
         0.42105263,         28.19081396
         0.47368421,         35.26403087
         0.52631579,         40.59479613
         0.57894737,         42.61590075
         0.63157895,         39.53654717
         0.68421053,         36.77125788
         0.73684211,         30.73059811
         0.78947368,         15.25380080
         0.84210526,          2.98841744
         0.89473684,          1.22290524
         0.94736842,          0.52563307
         1.00000000,          0.00000006

Theta:  80.00, Start:   0.20, End:  75.92
         0.00000000,          0.00000019
         0.05263158,          1.98671080
         0.10526316,          5.87015760
         0.15789474,          9.72325076
         0.21052632,          8.95003781
         0.26315789,         11.66353924
         0.31578947,         16.50357717
         0.36842105,         22.33026262
         0.42105263,         30.12205035
         0.47368421,         37.67046315
         0.52631579,         41.70492885
         0.57894737,         40.43564270
         0.63157895,         37.62097313
         0.68421053,         35.61457580
         0.73684211,         27.08762100
         0.78947368,          9.29266119
         0.84210526,          2.67632627
         0.89473684,          1.28736355
         0.94736842,          0.49594546
         1.00000000,          0.00000006

Theta: 100.00, Start:  -0.20, End:  75.05
         0.00000000,          0.00000019
         0.05263158,          1.96711723
         0.10526316,          5.81745665
         0.15789474,          9.67346647
         0.21052632,          8.96603631
         0.26315789,         11.52171728
         0.31578947,         16.30928342
         0.36842105,         22.04994163
         0.42105263,         29.83598751
         0.47368421,         37.55839298
         0.52631579,         41.58743890
         0.57894737,         40.30695194
         0.63157895,         37.86402495
         0.68421053,         35.93787756
         0.73684211,         28.25705773
         0.78947368,         10.88513943
         0.84210526,          2.60809960
         0.89473684,          1.47956336
         0.94736842,          0.50617535
         1.00000000,          0.00000006

Theta: 120.00, Start:  -0.57, End:  72.19
         0.00000000,          0.00000019
         0.05263158,          1.86308056
         0.10526316,          5.53659650
         0.15789474,          9.02041690
         0.21052632,          9.23628471
         0.26315789,         10.81566952
         0.31578947,         15.25519458
         0.36842105,         20.55648766
         0.42105263,         27.27759367
         0.47368421,         34.67573848
         0.52631579,         40.49988822
         0.57894737,         42.09496986
         0.63157895,         39.82036288
         0.68421053,         37.60846362
         0.73684211,         33.13073993
         0.78947368,         20.22863005
         0.84210526,          3.98812655
         0.89473684,          1.73850507
         0.94736842,          0.72810400
         1.00000000,          0.00000007

Theta: 140.00, Start:  -0.88, End:  70.09
         0.00000000,          0.00000019
         0.05263158,          1.78849487
         0.10526316,          5.33587604
         0.15789474,          8.75741931
         0.21052632,          9.72726539
         0.26315789,         10.39712743
         0.31578947,         14.45615190
         0.36842105,         19.56327596
         0.42105263,         25.47599847
         0.47368421,         32.09021929
         0.52631579,         37.91674322
         0.57894737,         42.03969518
         0.63157895,         43.18009855
         0.68421053,         40.12968307
         0.73684211,         35.96231759
         0.78947368,         26.32405230
         0.84210526,          8.88580168
         0.89473684,          1.42755185
         0.94736842,          0.29936356
         1.00000000,          0.00000004

Theta: 160.00, Start:  -1.08, End:  67.80
         0.00000000,          0.00000019
         0.05263158,          1.70212146
         0.10526316,          5.10414107
         0.15789474,          8.58173101
         0.21052632,          9.51811604
         0.26315789,         10.24216211
         0.31578947,         13.45329222
         0.36842105,         18.42430009
         0.42105263,         23.85271134
         0.47368421,         29.73574527
         0.52631579,         35.24110429
         0.57894737,         39.78794540
         0.63157895,         43.12915830
         0.68421053,         44.74152400
         0.73684211,         41.28244036
         0.78947368,         31.78146888
         0.84210526,         16.52158670
         0.89473684,          1.10229080
         0.94736842,          0.14381322
         1.00000000,          0.00000004

Theta: 180.00, Start:  -1.15, End:  64.58
         0.00000000,          0.00000019
         0.05263158,          1.57383593
         0.10526316,          4.75771081
         0.15789474,          8.25056118
         0.21052632,          9.29746891
         0.26315789,         10.45251438
         0.31578947,         12.12462612
         0.36842105,         16.74523967
         0.42105263,         21.84911454
         0.47368421,         27.10969470
         0.52631579,         32.53005879
         0.57894737,         37.23168454
         0.63157895,         40.99529536
         0.68421053,         43.95453342
         0.73684211,         45.16941594
         0.78947368,         41.94422419
         0.84210526,         27.25450432
         0.89473684,         10.77046882
         0.94736842,          0.27659901
         1.00000000,          0.00000008

CDWave:          0.03484898 
Mach:          1.42857143 
Set Name: Parasitic 
