...Mass Properties...
7 Num Comps
7 Total Num Meshes
5152 Total Num Tris

1.367009306879725e+03             Total Mass
3.892665792473370e+01 -3.366868288784288e-10 -5.422661167368721e-02       Center of Gravity
1.710408045635116e+04 2.194185289867702e+05 2.314573684711722e+05       Ixx, Iyy, Izz
-7.322366466425911e-01 -6.357331805637228e+02 -1.911417518349181e-01       Ixy, Ixz, Iyz
1.367009306879725e+03             Volume

Name	Mass	cgX	cgY	cgZ	Ixx	Iyy	Izz	Ixy	Ixz	Iyz	Volume
Fuse	1.172684579355354e+03	3.791394705812435e+01	-3.928813714260640e-10	-6.225022652326632e-10	4.931904697218807e+03	1.962993088131733e+05	1.963175223005817e+05	-6.416582872379110e-01	9.439856854496869e-01	-1.663639381909864e-01	1.172684579355354e+03
Wing	8.795422349029178e+01	4.650223059286489e+01	7.351781537875775e+00	-4.682667264990626e-01	8.915268525495992e+02	2.543188589848327e+03	3.415534622960518e+03	9.011728507735075e+02	-7.872852922970421e+01	-7.710712359644809e+01	8.795422349029178e+01
Wing	8.795422349027868e+01	4.650223059284288e+01	-7.351781537859869e+00	-4.682667264988605e-01	8.915268536885584e+02	2.543188559064582e+03	3.415534591037012e+03	-9.012561697053363e+02	-7.872852926190509e+01	7.708442156245802e+01	8.795422349027868e+01
VStab	3.184694728480261e+00	5.474853427767309e+01	9.965772252087786e+00	1.294282690406887e+00	5.683820501770317e+00	1.900409451016946e+01	1.337502661053602e+01	-9.325675846914633e-02	7.177464413350275e+00	-7.092489933598167e-02	3.184694728480261e+00
VStab	3.184694728480160e+00	5.474853427767320e+01	-9.965772252087945e+00	1.294282690406853e+00	5.683822220920032e+00	1.900402370716218e+01	1.337495408837889e+01	9.014747778961689e-02	7.177460345030087e+00	7.012106509918914e-02	3.184694728480160e+00
Canards	6.023445534570364e+00	1.852367621373617e+01	3.700006406708201e+00	3.331593525627405e-12	1.370104373608464e+01	2.115184862788097e+01	3.479389178878222e+01	8.763053980335805e+00	4.163401935343793e-03	-6.381914198635058e-04	6.023445534570364e+00
Canards	6.023445534570257e+00	1.852367621373654e+01	-3.700006406708254e+00	3.331596809781853e-12	1.370104294487565e+01	2.115191951653780e+01	3.479396346864772e+01	-8.767204600243284e+00	4.191073712175498e-03	-6.337288301848879e-04	6.023445534570257e+00
Name	Mass	cgX	cgY	cgZ	Ixx	Iyy	Izz	Ixy	Ixz	Iyz	Volume
Totals	1.367009306879725e+03	3.892665792473370e+01	-3.366868288784288e-10	-5.422661167368721e-02	1.710408045635116e+04	2.194185289867702e+05	2.314573684711722e+05	-7.322366466425911e-01	-6.357331805637228e+02	-1.911417518349181e-01	1.367009306879725e+03

...Filling Mass Properties (Volume Only -- No Shell or Point Mass)...
200 Num Slice

Slice	Mass	cgX	cgY	cgZ	Ixx	Iyy	Izz	Ixy	Ixz	Iyz	Volume
-1.692181085023693e+01	9.072961734083260e-02	5.619425563875452e+01	-1.692181085023697e+01	-1.305489288673862e+00	7.278855166709723e-04	9.352032233121681e-02	9.388585262286839e-02	-2.268567924452089e-05	5.656155243105999e-05	-8.346064339335733e-06	9.072961734083260e-02
-1.675174239948078e+01	1.917341084762712e-01	5.610380781381478e+01	-1.683221971038536e+01	-1.297651079584482e+00	2.951986703831116e-03	2.106941939324332e-01	2.128176916656900e-01	-1.455263358286243e-03	2.185418897787007e-06	1.024920478386071e-04	1.917341084762712e-01
-1.658167394872463e+01	3.035644913630670e-01	5.601062647029129e+01	-1.673992094272854e+01	-1.289575983757097e+00	8.363830594173496e-03	3.569583098149014e-01	3.638853999695151e-01	-5.969001893058807e-03	-3.149393656482583e-04	4.788459741856267e-04	3.035644913630670e-01
-1.641160549796848e+01	4.267717839579722e-01	5.591493679189113e+01	-1.664513759812496e+01	-1.281283515613212e+00	1.895276554997310e-02	5.383988046874396e-01	5.551149232471964e-01	-1.553678361682435e-02	-1.062164733504264e-03	1.293800347736682e-03	4.267717839579722e-01
-1.624153704721233e+01	5.619070042177389e-01	5.581694517492653e+01	-1.654807411798474e+01	-1.272791561458569e+00	3.700309584840535e-02	7.620277355505527e-01	7.957595495611671e-01	-3.245632389248664e-02	-2.452982265970590e-03	2.742842144114364e-03	5.619070042177389e-01
-1.607146859645618e+01	7.095211700991206e-01	5.571684039537516e+01	-1.644891749027613e+01	-1.264116480620605e+00	6.511387742680035e-02	1.035397185464991e+00	1.095907042707220e+00	-5.931195473817378e-02	-4.697845713416079e-03	5.053054090916776e-03	7.095211700991206e-01
-1.590140014570003e+01	8.701652995588689e-01	5.561479485120486e+01	-1.634783848008333e+01	-1.255273213108314e+00	1.061939600166686e-01	1.367042767185572e+00	1.466941889688297e+00	-9.901025308996436e-02	-8.056569455662951e-03	8.470982636925393e-03	8.701652995588689e-01
-1.573133169494388e+01	1.044390410553735e+00	5.551096582030064e+01	-1.624499287561913e+01	-1.246275388624226e+00	1.634793679860592e-01	1.766045935613489e+00	1.921104984908618e+00	-1.547623420023092e-01	-1.280290668751818e-02	1.328095912541111e-02	1.044390410553735e+00
-1.556126324418773e+01	1.232747521040470e+00	5.540549669388932e+01	-1.614052270996682e+01	-1.237135433452973e+00	2.405294939374959e-01	2.242514499064122e+00	2.471993634717081e+00	-2.301405907793144e-01	-1.926622122662737e-02	1.978737627245996e-02	1.232747521040470e+00
-1.539119479343158e+01	1.435787648975826e+00	5.529851815956015e+01	-1.603455743289581e+01	-1.227864672981877e+00	3.412478115447016e-01	2.807465210544188e+00	3.134440001964960e+00	-3.290302713811926e-01	-2.776317561606648e-02	2.832887514476231e-02	1.435787648975826e+00
-1.522112634267543e+01	1.654061812316555e+00	5.519014931817665e+01	-1.592721501719460e+01	-1.218473428492534e+00	4.698822743457929e-01	3.472705711994686e+00	3.924410029703274e+00	-4.556798252036538e-01	-3.867836467025898e-02	3.927227591361294e-02	1.654061812316555e+00
-1.505105789191928e+01	1.888121029019408e+00	5.508049872619048e+01	-1.581860299111221e+01	-1.208971107487744e+00	6.310386783879487e-01	4.250872336242447e+00	4.859045998814096e+00	-6.146703359489623e-01	-5.241178702216304e-02	5.301812305088976e-02	1.888121029019408e+00
-1.488098944116313e+01	2.138516317041138e+00	5.496966535989033e+01	-1.570881939347411e+01	-1.199366287253318e+00	8.296868945031882e-01	5.155742322941376e+00	5.956991297715465e+00	-8.109714045499040e-01	-6.940324601515392e-02	6.999406721622541e-02	2.138516317041138e+00
-1.471092099040698e+01	2.405798694338498e+00	5.485773950153600e+01	-1.559795365142318e+01	-1.189666791650472e+00	1.071174695490979e+00	6.202028954231079e+00	7.238191114813199e+00	-1.049926670045479e+00	-9.010747545248977e-02	9.066140504849088e-02	2.405798694338498e+00
-1.454085253965083e+01	2.690519178868237e+00	5.474480354958320e+01	-1.548608738297036e+01	-1.179879761329903e+00	1.361236137397690e+00	7.405433323238663e+00	8.723955742131826e+00	-1.337249634250227e+00	-1.150285157955846e-01	1.155192720961040e-01	2.690519178868237e+00
-1.437078408889468e+01	2.993228788587110e+00	5.463093275662450e+01	-1.537329512794625e+01	-1.170011717681769e+00	1.705998527285844e+00	8.782679047812293e+00	1.043700870977318e+01	-1.679059525704054e+00	-1.447048525347736e-01	1.450967555737630e-01	2.993228788587110e+00
-1.420071563813853e+01	3.314478541451866e+00	5.451619589950081e+01	-1.525964501176538e+01	-1.160068620907539e+00	2.111996766511278e+00	1.035167848447349e+01	1.240165946232208e+01	-2.081883026237008e+00	-1.797117313856848e-01	1.799595852091036e-01	3.314478541451866e+00
-1.403064718738238e+01	3.654819455419258e+00	5.440065588645010e+01	-1.514519934682447e+01	-1.150055922635523e+00	2.586183961751828e+00	1.213125977344491e+01	1.464354096646003e+01	-2.552674807556004e+00	-2.206427183493682e-01	2.207067496706981e-01	3.654819455419258e+00
-1.386057873662623e+01	4.014802548446037e+00	5.428437030629039e+01	-1.503001517648362e+01	-1.139978613513059e+00	3.135942548712946e+00	1.414172118157183e+01	1.719017442760639e+01	-3.098800483224141e+00	-2.681425758953738e-01	2.679774431484896e-01	4.014802548446037e+00
-1.369051028587008e+01	4.394978838488957e+00	5.416739192457031e+01	-1.491414476651759e+01	-1.129841266202929e+00	3.769092135417937e+00	1.640404785810387e+01	2.007019998450800e+01	-3.728049915484584e+00	-3.229016127474040e-01	3.224507644939502e-01	4.394978838488957e+00
-1.352044183511393e+01	4.795899343504768e+00	5.404976913143567e+01	-1.479763604874038e+01	-1.119648074195482e+00	4.493904291766250e+00	1.894077712614543e+01	2.331424924330394e+01	-4.448679546601429e+00	-3.856480435025303e-01	3.848401361958798e-01	4.795899343504768e+00
-1.335037338435778e+01	5.218115081450224e+00	5.393154634569914e+01	-1.468053302124767e+01	-1.109402886825305e+00	5.319109964882476e+00	2.177559056423970e+01	2.695455219551507e+01	-5.269420758350255e+00	-4.571348258873004e-01	4.559018657530595e-01	5.218115081450224e+00
-1.318030493360163e+01	5.662177070282074e+00	5.381276437929698e+01	-1.456287610942166e+01	-1.099109240855059e+00	6.253915541760710e+00	2.493365879509820e+01	3.102528838866522e+01	-6.199475149643376e+00	-5.381569341449393e-01	5.364303519944044e-01	5.662177070282074e+00
-1.301023648284548e+01	6.128636327957071e+00	5.369346076599618e+01	-1.444470249152470e+01	-1.088770388961230e+00	7.308010197661035e+00	2.844097704635925e+01	3.556193775244097e+01	-7.248498756306412e+00	-6.295714894464710e-01	6.272669003595790e-01	6.128636327957071e+00
-1.284016803208933e+01	6.618043872431969e+00	5.357367005789146e+01	-1.432604639238811e+01	-1.078389325428571e+00	8.491580200269706e+00	3.232520886313965e+01	4.060213276953373e+01	-8.426677131112299e+00	-7.322720507565783e-01	7.292911609424999e-01	6.618043872431969e+00
-1.267009958133318e+01	7.130950721663517e+00	5.345342409291696e+01	-1.420693934839005e+01	-1.067968809332657e+00	9.815315317700355e+00	3.661543171161385e+01	4.618542056427707e+01	-9.744697705920620e+00	-8.471862899794815e-01	8.434274082993793e-01	7.130950721663517e+00
-1.250003113057703e+01	7.667907893608467e+00	5.333275223629644e+01	-1.408741044661877e+01	-1.057511385463966e+00	1.129043110113401e+01	4.134204002867828e+01	5.235316667754427e+01	-1.121374033435876e+01	-9.752791394912393e-01	9.706479263785027e-01	7.667907893608467e+00
-1.232996267982088e+01	8.229466406223569e+00	5.321168159857422e+01	-1.396748654083852e+01	-1.047019403222443e+00	1.292867063908148e+01	4.653653035454985e+01	5.914836155396345e+01	-1.284551840613349e+01	-1.117597522589568e+00	1.111968075350016e+00	8.229466406223569e+00
-1.215989422906473e+01	8.816177277465577e+00	5.309023723260826e+01	-1.384719244661678e+01	-1.036495033688922e+00	1.474231861476692e+01	5.223226378630526e+01	6.661639213585757e+01	-1.465231562064182e+01	-1.275214145990111e+00	1.268453240594465e+00	8.816177277465577e+00
-1.198982577830858e+01	9.428591525291242e+00	5.296844231166638e+01	-1.372655111773356e+01	-1.025940285058936e+00	1.674421339497889e+01	5.846394415488974e+01	7.480453122752861e+01	-1.664695485900156e+01	-1.449243206949228e+00	1.441210331504225e+00	9.428591525291242e+00
-1.181975732755243e+01	1.006726016765732e+01	5.284631829054804e+01	-1.360558380577719e+01	-1.015357016605550e+00	1.894776125388087e+01	6.526814096764681e+01	8.376246955917969e+01	-1.884284034777900e+01	-1.640842417893016e+00	1.631402530896968e+00	1.006726016765732e+01
-1.164968887679628e+01	1.073273422252056e+01	5.272388505145598e+01	-1.348431020463425e+01	-1.004746951320578e+00	2.136694752804215e+01	7.268230451894487e+01	9.354134314867882e+01	-2.125390785953878e+01	-1.851248256772309e+00	1.840236518212330e+00	1.073273422252056e+01
-1.147962042604013e+01	1.142556470783771e+01	5.260116103616188e+01	-1.336274858140342e+01	-9.941116873680713e-01	2.401634331649738e+01	8.074584681996787e+01	1.041948309913274e+02	-2.389471832230048e+01	-2.081740062369891e+00	2.068978183142645e+00	1.142556470783771e+01
-1.130955197528398e+01	1.214630264156552e+01	5.247816336584962e+01	-1.324091589510371e+01	-9.834527084699357e-01	2.691112285824569e+01	8.949989676130721e+01	1.157789163526141e+02	-2.678043433445625e+01	-2.333643846571539e+00	2.318936267420396e+00	1.214630264156552e+01
-1.113948352452783e+01	1.289549904166076e+01	5.235490794987409e+01	-1.311882790440303e+01	-9.727713933309681e-01	3.006707962010929e+01	9.898716771947255e+01	1.283517618367062e+02	-2.992681884631602e+01	-2.608306055520255e+00	2.591478295966970e+00	1.289549904166076e+01
-1.096941507377168e+01	1.367370492608016e+01	5.223140958454382e+01	-1.299649926546530e+01	-9.620690241993600e-01	3.350062135419030e+01	1.092520382923086e+02	1.419738186516050e+02	-3.335026895778032e+01	-2.907199357506959e+00	2.888025690638625e+00	1.367370492608016e+01
-1.079934662301553e+01	1.448147131278047e+01	5.210768204291917e+01	-1.287394362089802e+01	-9.513467946486103e-01	3.722880273229743e+01	1.203404664509756e+02	1.567077317470420e+02	-3.706780411447390e+01	-3.231794902516938e+00	3.210056420479835e+00	1.448147131278047e+01
-1.062927817225938e+01	1.531934921971847e+01	5.198373815651401e+01	-1.275117368068017e+01	-9.406058166577937e-01	4.126932362270125e+01	1.323004020746145e+02	1.726187777221641e+02	-4.109710274703904e+01	-3.583639705824693e+00	3.559098093207789e+00	1.531934921971847e+01
-1.045920972150323e+01	1.618788966485088e+01	5.185958988969582e+01	-1.262820129585764e+01	-9.298471270590752e-01	4.564054706300735e+01	1.451813822216927e+02	1.897744657999334e+02	-4.545650797270409e+01	-3.964334974748193e+00	3.936741164613137e+00	1.618788966485088e+01
-1.028914127074708e+01	1.708764366613448e+01	5.173524840749633e+01	-1.250503752571148e+01	-9.190716934141729e-01	5.036150629897066e+01	1.590350142188134e+02	2.082450375763470e+02	-5.016505068627291e+01	-4.375553963929240e+00	4.344632532652171e+00	1.708764366613448e+01
-1.011907281999093e+01	1.833315691773343e+01	5.163505378696387e+01	-1.234294047542401e+01	-8.931757587696005e-01	5.730654245632300e+01	1.749557376160172e+02	2.304532952923475e+02	-5.425056855392764e+01	-4.393940049350038e+00	5.400282212836761e+00	1.833315691773343e+01
-9.949004369234776e+00	2.216769113746234e+01	5.195473104160312e+01	-1.192884097078449e+01	-5.825980350058352e-01	9.404840475352019e+01	2.510068666560477e+02	3.061571080145000e+02	-4.022228553869673e+01	2.138195352277253e+01	1.903055980163695e+01	2.216769113746234e+01
-9.778935918478627e+00	2.316439191493997e+01	5.182686895309298e+01	-1.183633640407692e+01	-5.868134465506820e-01	9.849218230528420e+01	2.705603045059471e+02	3.300960249698076e+02	-4.631647470099597e+01	2.166040749254043e+01	1.882953308621413e+01	2.316439191493997e+01
-9.608867467722478e+00	2.419451032039577e+01	5.169848008346093e+01	-1.174149849586825e+01	-5.901717217716723e-01	1.034193198773066e+02	2.914136093583071e+02	3.558214924210525e+02	-5.294155985818243e+01	2.189577448144003e+01	1.865612371028607e+01	2.419451032039577e+01
-9.438799016966327e+00	2.525859738195699e+01	5.156962024079365e+01	-1.164449102213129e+01	-5.927262985623905e-01	1.088568065242407e+02	3.136282104646314e+02	3.834205244903731e+02	-6.012116202380683e+01	2.208564600918593e+01	1.851366536194804e+01	2.525859738195699e+01
-9.268730566210177e+00	2.635720409723942e+01	5.144033999098799e+01	-1.154546586069353e+01	-5.945271553327910e-01	1.148320037258983e+02	3.372678918997084e+02	4.129829268420362e+02	-6.787956756331995e+01	2.222757610861581e+01	1.840545855319790e+01	2.635720409723942e+01
-9.098662115454026e+00	2.749088149437030e+01	5.131068513422568e+01	-1.144456381789216e+01	-5.956210140305125e-01	1.213727028082676e+02	3.623980248753805e+02	4.446005513506838e+02	-7.624164498854061e+01	2.231910102391297e+01	1.833476850808071e+01	2.749088149437030e+01
-8.928593664697877e+00	2.866018059130637e+01	5.118069713801473e+01	-1.134191541975401e+01	-5.960515380168021e-01	1.285071566881236e+02	3.890863283495625e+02	4.783680995294417e+02	-8.523299842765600e+01	2.235771516548813e+01	1.830483910964677e+01	2.866018059130637e+01
-8.758525213941727e+00	2.986565240600437e+01	5.105041353470967e+01	-1.123764165278124e+01	-5.958595224529607e-01	1.362641184780829e+02	4.174021002709517e+02	5.143823862973337e+02	-9.487983717953092e+01	2.234087687691584e+01	1.831890150727431e+01	2.986565240600437e+01
-8.588456763185576e+00	3.110784795642108e+01	5.091986828402086e+01	-1.113185466016457e+01	-5.950830767364594e-01	1.446728839486261e+02	4.474171007808418e+02	5.527432479920448e+02	-1.052091150744218e+02	2.226603521610196e+01	1.838017236092631e+01	3.110784795642108e+01
-8.418388312429427e+00	3.238731826051323e+01	5.078909210342238e+01	-1.102465839324448e+01	-5.937577983520989e-01	1.537633015500625e+02	4.792051946703785e+02	5.935532385611427e+02	-1.162485485799250e+02	2.213054373855833e+01	1.849187260710399e+01	3.238731826051323e+01
-8.248319861673277e+00	3.371731041372532e+01	5.064705065074802e+01	-1.091514466227540e+01	-5.916940545908659e-01	1.636606912579326e+02	5.238025013987473e+02	6.479637300875270e+02	-1.290213017828500e+02	2.171107865484263e+01	1.867726932858197e+01	3.371731041372532e+01
-8.078251410917126e+00	3.508886604971249e+01	5.050308908974171e+01	-1.080425601394800e+01	-5.891113497284696e-01	1.743228184687874e+02	5.729416794334225e+02	7.076708430196755e+02	-1.427922040176919e+02	2.117362039096883e+01	1.892413655164001e+01	3.508886604971249e+01
-7.908182960160977e+00	3.650289263105082e+01	5.035720184192760e+01	-1.069206971898933e+01	-5.860389529046444e-01	1.857844158316498e+02	6.269683525941846e+02	7.730536842843798e+02	-1.576179296665142e+02	2.051104283169931e+01	1.923617325743204e+01	3.650289263105082e+01
-7.738114509404827e+00	3.796029762031641e+01	5.020940061582671e+01	-1.057865888371150e+01	-5.825047459535566e-01	1.980809949071112e+02	6.862238739499951e+02	8.444878969306494e+02	-1.735557170070418e+02	1.971656818038073e+01	1.961706790275262e+01	3.796029762031641e+01
-7.568046058648677e+00	3.946198848008536e+01	5.005971162189987e+01	-1.046409269138742e+01	-5.785352782364411e-01	2.112488595421804e+02	7.510457262317332e+02	9.223460921971073e+02	-1.906634480789310e+02	1.878375095531482e+01	2.007051819832785e+01	3.946198848008536e+01
-7.397977607892527e+00	4.100887267293374e+01	4.990817313452197e+01	-1.034843662363987e+01	-5.741558190436206e-01	2.253251291701559e+02	8.217673815261684e+02	1.006997731326396e+03	-2.089995799199316e+02	1.770649949191672e+01	2.060021017372829e+01	4.100887267293374e+01
-7.227909157136377e+00	4.260185766143766e+01	4.975483336055458e+01	-1.023175266469473e+01	-5.693904079903350e-01	2.403477714957328e+02	8.987186951890527e+02	1.098809532564672e+03	-2.286231354355610e+02	1.647913806552963e+01	2.120983242674344e+01	4.260185766143766e+01
-7.057840706380227e+00	4.424185090817320e+01	4.959974857894942e+01	-1.011409949082160e+01	-5.642619037142874e-01	2.563556205000307e+02	9.822251522528286e+02	1.198144745641300e+03	-2.495936436362436e+02	1.509635625185054e+01	2.190306900673422e+01	4.424185090817320e+01
-6.887772255624077e+00	4.592975980188446e+01	4.944298156409985e+01	-9.995532651852651e+00	-5.587920319907177e-01	2.733884021924903e+02	1.072608682982638e+03	1.305363986479091e+03	-2.719711684686354e+02	1.355326031208244e+01	2.268361132721492e+01	4.592975980188446e+01
-6.717703804867927e+00	4.766649195281154e+01	4.928459999884323e+01	-9.876104715988829e+00	-5.530014279858408e-01	2.914867612804733e+02	1.170187187532519e+03	1.420824787535332e+03	-2.958163184444242e+02	1.184532368136154e+01	2.355516159254651e+01	4.766649195281154e+01
-6.547635354111777e+00	4.945295474969851e+01	4.912467552320693e+01	-9.755865455955385e+00	-5.469096864239086e-01	3.106922789728920e+02	1.275274700866848e+03	1.544881782725556e+03	-3.211902041485714e+02	9.968417582385515e+00	2.452142640068667e+01	4.945295474969851e+01
-6.377566903355627e+00	5.129005565512148e+01	4.896328249653025e+01	-9.634861973886627e+00	-5.405354013478374e-01	3.310475001958953e+02	1.388181766312519e+03	1.677887106599267e+03	-3.481545006649872e+02	7.918796156560562e+00	2.558611863764567e+01	5.129005565512148e+01
-6.207498452599477e+00	5.317870213165654e+01	4.880049713398979e+01	-9.513138844535753e+00	-5.338962094000662e-01	3.525959684237789e+02	1.509215212789471e+03	1.820190182064935e+03	-3.767714116035713e+02	5.693132968785296e+00	2.675297470812162e+01	5.317870213165654e+01
-6.037430001843327e+00	5.511980174464702e+01	4.863639673415882e+01	-9.390738239383502e+00	-5.270088303872061e-01	3.753822388236244e+02	1.638678123094403e+03	1.972137724723772e+03	-4.071036319843881e+02	3.288446811383900e+00	2.802574018111728e+01	5.511980174464702e+01
-5.867361551087177e+00	5.711426175113453e+01	4.847105898077574e+01	-9.267700075584468e+00	-5.198891099923975e-01	3.994519031590938e+02	1.776870207614349e+03	2.134074129126714e+03	-4.392144480811811e+02	7.021385402929223e-01	2.940818714488702e+01	5.711426175113453e+01
-5.697293100331027e+00	5.916298971646239e+01	4.830456142408997e+01	-9.144062094257643e+00	-5.125520547337299e-01	4.248516200455113e+02	1.924088567556122e+03	2.306342262936381e+03	-4.731678153171366e+02	-2.068004986723932e+00	3.090409921389825e+01	5.916298971646239e+01
-5.527224649574877e+00	6.126689310320672e+01	4.813698097122840e+01	-9.019859998088805e+00	-5.050118724731769e-01	4.516291461922491e+02	2.080626147283255e+03	2.489281924984745e+03	-5.090281812720107e+02	-5.023835074115898e+00	3.251729726591599e+01	6.126689310320672e+01
-5.357156198818727e+00	6.342687937394358e+01	4.796839349365475e+01	-8.895127550295562e+00	-4.972820083846717e-01	4.798333409595813e+02	2.246773905589881e+03	2.683232061084804e+03	-5.468606853200254e+02	-8.166865820495699e+00	3.425161538210720e+01	6.342687937394358e+01
-5.187087748062576e+00	6.564385599124910e+01	4.779887349469878e+01	-8.769896675090962e+00	-4.893751804399945e-01	5.095142134465432e+02	2.422819029106950e+03	2.888528976822184e+03	-5.867310355524263e+02	-1.149823826399792e+01	3.611092906883871e+01	6.564385599124910e+01
-5.017019297306427e+00	6.791873041769934e+01	4.762849383659240e+01	-8.644197553216618e+00	-4.813034137190189e-01	5.407229260439343e+02	2.609046765918047e+03	3.105508213935465e+03	-6.287057462796171e+02	-1.501880215001208e+01	3.809913609345143e+01	6.791873041769934e+01
-4.846950846550277e+00	7.025241011587040e+01	4.745732551948734e+01	-8.518058712802778e+00	-4.730780735387183e-01	5.735118414646644e+02	2.805739157056062e+03	3.334503280926033e+03	-6.728519074578496e+02	-1.872905455726869e+01	4.022017815424701e+01	7.025241011587040e+01
-4.676882395794126e+00	7.264580254833838e+01	4.728543750577678e+01	-8.391507115788126e+00	-4.647098973990508e-01	6.079345246117284e+02	3.013176531462549e+03	3.575847192106853e+03	-7.192374018818685e+02	-2.262919193030393e+01	4.247803450519689e+01	7.264580254833838e+01
-4.506813945037977e+00	7.509981517767935e+01	4.711289658379778e+01	-8.264568240112057e+00	-4.562090257478098e-01	6.440457838288987e+02	3.231636497288382e+03	3.829871463410682e+03	-7.679308199416211e+02	-2.671908389637207e+01	4.487671551387579e+01	7.509981517767935e+01
-4.336745494281827e+00	7.761535546646942e+01	4.693976726566670e+01	-8.137266157876164e+00	-4.475850315705561e-01	6.819016928843813e+02	3.461394556567107e+03	4.096906750632937e+03	-8.190015022536699e+02	-3.099831452121473e+01	4.742027950785846e+01	7.761535546646942e+01
-4.166677043525676e+00	8.019333087728469e+01	4.676611171460252e+01	-8.009623609658410e+00	-4.388469488156794e-01	7.215595973713869e+02	3.702724888821190e+03	4.377283671977456e+03	-8.725197018007267e+02	-3.546619833604506e+01	5.011282920356110e+01	8.019333087728469e+01
-3.996608592769526e+00	8.283464887270125e+01	4.659198969762986e+01	-7.881662075152784e+00	-4.300032996683542e-01	7.630781616333103e+02	3.955899587062032e+03	4.671332042255184e+03	-9.285564363139227e+02	-4.012175703479541e+01	5.295851958209482e+01	8.283464887270125e+01
-3.826540142013376e+00	8.554021691529519e+01	4.641745856003447e+01	-7.753401840297554e+00	-4.210621206905909e-01	8.065173794452210e+02	4.221189100525977e+03	4.979381349843832e+03	-9.871835791611792e+02	-4.496376326126533e+01	5.596154492041434e+01	8.554021691529519e+01
-3.656471691257226e+00	8.831094246764260e+01	4.624257321837121e+01	-7.624862061047810e+00	-4.120309878476949e-01	8.519386117056107e+02	4.498862633001233e+03	5.301761162008980e+03	-1.048473888316103e+03	-4.999068414511684e+01	5.912615875225401e+01	8.831094246764260e+01
-3.486403240501076e+00	9.114773299231956e+01	4.606738616920658e+01	-7.496060823940996e+00	-4.029170404441859e-01	8.994045800506277e+02	4.789188089062487e+03	5.638801121991820e+03	-1.112501093972644e+03	-5.520082501664061e+01	6.245666750268609e+01	9.114773299231956e+01
-3.316334789744926e+00	9.405149595190217e+01	4.589194751111756e+01	-7.367015203597984e+00	-3.937270039946240e-01	9.489794243423858e+02	5.092432463567100e+03	5.990831325268261e+03	-1.179339840141904e+03	-6.059219406294388e+01	6.595743444810591e+01	9.405149595190217e+01
-3.146266338988776e+00	9.926534373413016e+01	4.570770832984132e+01	-7.145323107653383e+00	-3.733324761938568e-01	1.038644073758468e+03	5.475125042829336e+03	6.459931311814971e+03	-1.252479313827911e+03	-6.707832242626846e+01	7.405273639121657e+01	9.926534373413016e+01
-2.976197888232626e+00	1.084304933307159e+02	4.545499257874767e+01	-6.792925408914260e+00	-3.418236130673726e-01	1.189861686622121e+03	6.070536533932917e+03	7.195914969767034e+03	-1.357070183330085e+03	-7.636325167758987e+01	8.709145545313793e+01	1.084304933307159e+02
-2.806129437476476e+00	1.214643489295634e+02	4.514271320366485e+01	-6.365118209092154e+00	-3.051441983069251e-01	1.386438554035143e+03	6.942189680040486e+03	8.241022090364761e+03	-1.492072212905712e+03	-8.792678293521135e+01	1.029458352466344e+02	1.214643489295634e+02
-2.636060986720326e+00	1.374937123053532e+02	4.479346526647999e+01	-5.930375323295709e+00	-2.695697189022741e-01	1.600822567359506e+03	8.126377006204708e+03	9.604849992094703e+03	-1.650271570025383e+03	-1.008586315313018e+02	1.190569972914581e+02	1.374937123053532e+02
-2.465992535964176e+00	1.565230875165656e+02	4.442463646876485e+01	-5.509191196523263e+00	-2.367966410901765e-01	1.826196312477616e+03	9.665961741089062e+03	1.132053629827988e+04	-1.825966150389702e+03	-1.145137126863568e+02	1.346652006439093e+02	1.565230875165656e+02
-2.295924085208025e+00	1.786229521275141e+02	4.404986774221158e+01	-5.111634402880161e+00	-2.074993215343634e-01	2.060018517777327e+03	1.161018126522307e+04	1.343110271842477e+04	-2.014467980134066e+03	-1.283866375083298e+02	1.493972343949441e+02	1.786229521275141e+02
-2.125855634451876e+00	2.032902536495878e+02	4.367679708193789e+01	-4.749339094389790e+00	-1.823212904284890e-01	2.294802260141088e+03	1.399059192847928e+04	1.596347182637285e+04	-2.213450457384983e+03	-1.421944875148813e+02	1.628219510891760e+02	2.032902536495878e+02
-1.955787183695726e+00	2.304613074397466e+02	4.331208058954239e+01	-4.419983377049056e+00	-1.608258748016585e-01	2.531734119651042e+03	1.683929596666759e+04	1.894965491319007e+04	-2.420588582617442e+03	-1.556905023632407e+02	1.750253746018790e+02	2.304613074397466e+02
-1.785718732939576e+00	2.600914703014632e+02	4.296165105400734e+01	-4.119882453572636e+00	-1.425042556520571e-01	2.773012820282317e+03	2.017912534433217e+04	2.241294285906478e+04	-2.633349257856511e+03	-1.686549225954058e+02	1.861441510080847e+02	2.600914703014632e+02
-1.615650282183426e+00	2.929667893430727e+02	4.253995714658168e+01	-3.838869606439907e+00	-1.265131159059625e-01	3.025055162231459e+03	2.479529056017677e+04	2.714352579910959e+04	-2.908028883522428e+03	-1.842581256319478e+02	1.965549935856131e+02	2.929667893430727e+02
-1.445581831427275e+00	3.289739254440603e+02	4.205046632670628e+01	-3.576917421240504e+00	-1.126658938998259e-01	3.285728992882397e+03	3.090853729906854e+04	3.336387020121313e+04	-3.251257013858120e+03	-2.023716721319283e+02	2.062589088050776e+02	3.289739254440603e+02
-1.275513380671126e+00	3.674904086138930e+02	4.155959847995928e+01	-3.335708432059122e+00	-1.008574387551673e-01	3.553312962645997e+03	3.813799396133384e+04	4.069144664820380e+04	-3.622915112330682e+03	-2.205343066023158e+02	2.151936463827435e+02	3.674904086138930e+02
-1.105444929914976e+00	4.082543086164345e+02	4.108721656045357e+01	-3.113018220438751e+00	-9.078689580887606e-02	3.828880908614795e+03	4.634963387131815e+04	4.899304386629171e+04	-4.010102048556045e+03	-2.380098614366628e+02	2.234416457469494e+02	4.082543086164345e+02
-9.353764791588254e-01	4.510593084587041e+02	4.064357831879273e+01	-2.906362570851322e+00	-8.217132577649978e-02	4.113914694967842e+03	5.543278593712523e+04	5.815912481977661e+04	-4.404534150632956e+03	-2.544182526871997e+02	2.310950480346682e+02	4.510593084587041e+02
-7.653080284026753e-01	4.955361990855122e+02	4.023173528529033e+01	-2.714192051550703e+00	-7.479603230307386e-02	4.407282654544143e+03	6.528256705785644e+04	6.808724849492109e+04	-4.802293166510522e+03	-2.696469119768509e+02	2.382113151442444e+02	4.955361990855122e+02
-5.952395776465252e-01	5.412487988382363e+02	3.985359794230731e+01	-2.535230312434495e+00	-6.847893544280594e-02	4.706989123815446e+03	7.576700337619233e+04	7.864835521450822e+04	-5.199369373256334e+03	-2.836252867647357e+02	2.448378318374201e+02	5.412487988382363e+02
-4.251711268903752e-01	5.879780606532609e+02	3.950873828811701e+01	-2.367534415725459e+00	-6.303660635391460e-02	5.013722341244491e+03	8.678358916899873e+04	8.974181084051818e+04	-5.593248076300622e+03	-2.963694752673612e+02	2.510466505041423e+02	5.879780606532609e+02
-2.551026761342252e-01	6.354434708965340e+02	3.920055136039656e+01	-2.209743134954024e+00	-5.832799179105998e-02	5.327837360130204e+03	9.814119224856241e+04	1.011778445106880e+05	-5.976062142764707e+03	-3.077537692291541e+02	2.568882513787144e+02	6.354434708965340e+02
-8.503422537807513e-02	6.835046535218854e+02	3.892665792449012e+01	-2.060342509219196e+00	-5.422661186406561e-02	5.650555280485919e+03	1.097092643978062e+05	1.128271991944833e+05	-6.345881128897347e+03	-3.178665721147879e+02	2.624187792907429e+02	6.835046535218854e+02
8.503422537807491e-02	7.315658361472368e+02	3.868875206972146e+01	-1.919399154640632e+00	-5.066412306606473e-02	5.978218408365597e+03	1.211882410769260e+05	1.243924435665689e+05	-6.694766891277301e+03	-3.266455402863631e+02	2.676358470250028e+02	7.315658361472368e+02
2.551026761342249e-01	7.790312463905100e+02	3.848732961136349e+01	-1.786909447776246e+00	-4.757722071511204e-02	6.307049992095547e+03	1.322852819490699e+05	1.355827518107954e+05	-7.015214286422356e+03	-3.340727064972215e+02	2.725396667852663e+02	7.790312463905100e+02
4.251711268903750e-01	8.257605082055345e+02	3.831909051692676e+01	-1.661729215369445e+00	-4.488485606320933e-02	6.637881912905275e+03	1.428814730392150e+05	1.462801152851887e+05	-7.305163214564661e+03	-3.402706007345487e+02	2.771726757916866e+02	8.257605082055345e+02
5.952395776465250e-01	8.714731079582587e+02	3.818456609288026e+01	-1.543341269548349e+00	-4.253044783025106e-02	6.970169994963100e+03	1.528117017336751e+05	1.563198897428816e+05	-7.555903824074559e+03	-3.452196799539486e+02	2.815540789041659e+02	8.714731079582587e+02
7.653080284026751e-01	9.159499985850667e+02	3.808116097931943e+01	-1.431237396543004e+00	-4.046524568480880e-02	7.303298557571092e+03	1.620007968001348e+05	1.656274815979589e+05	-7.763971901157385e+03	-3.490163621105780e+02	2.857027434575218e+02	9.159499985850667e+02
9.353764791588252e-01	9.587549984273364e+02	3.800665503157443e+01	-1.325576506386169e+00	-3.865861642290254e-02	7.633397677948545e+03	1.703508848060812e+05	1.741060685603471e+05	-7.925502064916993e+03	-3.517431819452801e+02	2.896128537378532e+02	9.587549984273364e+02
1.105444929914975e+00	9.995188984298778e+02	3.795861179539200e+01	-1.226430892542264e+00	-3.708198192746929e-02	7.957217837276983e+03	1.777951977984985e+05	1.816892207169803e+05	-8.037501523242412e+03	-3.534909984398579e+02	2.932817804010745e+02	9.995188984298778e+02
1.275513380671125e+00	1.038035381599710e+03	3.793666131105245e+01	-1.133595815627507e+00	-3.570604854587788e-02	8.273951791545165e+03	1.842809538935372e+05	1.883230199228691e+05	-8.092415048336539e+03	-3.542736133615626e+02	2.967171648982994e+02	1.038035381599710e+03
1.445581831427275e+00	1.074042517700698e+03	3.794105758317572e+01	-1.047129219533200e+00	-3.450900790242143e-02	8.581983061934323e+03	1.897530020201728e+05	1.939504608851982e+05	-8.080664813933821e+03	-3.540816410987483e+02	2.999168576540664e+02	1.074042517700698e+03
1.615650282183425e+00	1.106917836742308e+03	3.797855928439498e+01	-9.680450068204702e-01	-3.348409475444861e-02	8.876614735737254e+03	1.940073084810891e+05	1.983628838183561e+05	-7.973430305806313e+03	-3.526651374224166e+02	3.028433971990264e+02	1.106917836742308e+03
1.785718732939575e+00	1.136547999604024e+03	3.803741238324069e+01	-8.962535223251173e-01	-3.261115390076779e-02	9.153890724308949e+03	1.972451327751564e+05	2.017614574070362e+05	-7.794051117582236e+03	-3.504598419276885e+02	3.055000753968844e+02	1.136547999604024e+03
1.955787183695725e+00	1.163719053394183e+03	3.809685541212951e+01	-8.296627492266088e-01	-3.184973350964417e-02	9.418865101694970e+03	2.000357088986117e+05	2.047190920741734e+05	-7.601382610696885e+03	-3.482347549738061e+02	3.079643422354932e+02	1.163719053394183e+03
2.125855634451876e+00	1.188386354916257e+03	3.815660291820005e+01	-7.683151388113665e-01	-3.118862950367298e-02	9.670516239795099e+03	2.024104589769351e+05	2.072644853795987e+05	-7.395900630405045e+03	-3.460005602187296e+02	3.102346899372548e+02	1.188386354916257e+03
2.295924085208025e+00	1.210486219527205e+03	3.821573650880823e+01	-7.123712784898201e-01	-3.061921823869911e-02	9.907041856256834e+03	2.044035405124154e+05	2.094287467760499e+05	-7.180577352969550e+03	-3.437912846024468e+02	3.123051307284122e+02	1.210486219527205e+03
2.465992535964176e+00	1.229515594738418e+03	3.827058725382725e+01	-6.631793220463076e-01	-3.014532055490446e-02	1.011985491079631e+04	2.060233888614774e+05	2.112145302823885e+05	-6.969556516888822e+03	-3.417430398759849e+02	3.141257568084887e+02	1.229515594738418e+03
2.636060986720326e+00	1.245544958114207e+03	3.832047417939410e+01	-6.207202189615354e-01	-2.975736964706581e-02	1.030825302481000e+04	2.073169571196649e+05	2.126643615381875e+05	-6.767200245233525e+03	-3.398812941189668e+02	3.156972616618716e+02	1.245544958114207e+03
2.806129437476476e+00	1.258578813548871e+03	3.836422151666842e+01	-5.852317278654482e-01	-2.944923229475946e-02	1.047002030614999e+04	2.083189035187573e+05	2.138076484520496e+05	-6.580480403393988e+03	-3.382492804560205e+02	3.170107101245887e+02	1.258578813548871e+03
2.976197888232626e+00	1.267743963145456e+03	3.839569637499924e+01	-5.594843875836929e-01	-2.924037292985796e-02	1.058964824435441e+04	2.090106187325481e+05	2.146106628395213e+05	-6.439403914796290e+03	-3.370384514768580e+02	3.179456700149650e+02	1.267743963145456e+03
3.146266338988776e+00	1.272957810927684e+03	3.841203293110807e+01	-5.443061781871438e-01	-2.914288973100849e-02	1.066187280445183e+04	2.094143935996929e+05	2.150848887091472e+05	-6.362658140996300e+03	-3.363034183633787e+02	3.184029738425415e+02	1.272957810927684e+03
3.316334789744926e+00	1.275861573887267e+03	3.841652327947462e+01	-5.355196558305115e-01	-2.931611766002526e-02	1.070523303320254e+04	2.096378171309695e+05	2.153513485581557e+05	-6.340592048648397e+03	-3.373700014264652e+02	3.175512725996664e+02	1.275861573887267e+03
3.486403240501076e+00	1.278698364411944e+03	3.842139773783386e+01	-5.265970255364296e-01	-2.951551282627898e-02	1.075119876684374e+04	2.098545107090117e+05	2.156136820611076e+05	-6.315580568521386e+03	-3.386086461668061e+02	3.165277181082224e+02	1.278698364411944e+03
3.656471691257226e+00	1.281469089964291e+03	3.842663438438638e+01	-5.175526127826509e-01	-2.973972450698832e-02	1.079975779974019e+04	2.100648225441961e+05	2.158722232679538e+05	-6.287571737267930e+03	-3.400238297140410e+02	3.153280718983866e+02	1.281469089964291e+03
3.826540142013376e+00	1.284174658006885e+03	3.843221189129239e+01	-5.084002451836186e-01	-2.998743999206756e-02	1.085089136125419e+04	2.102690857437626e+05	2.161272846885765e+05	-6.256524071704037e+03	-3.416193056504922e+02	3.139487276325461e+02	1.284174658006885e+03
3.996608592769526e+00	1.286815976002302e+03	3.843810950492161e+01	-4.991532657125035e-01	-3.025738333506217e-02	1.090457441572977e+04	2.104676204463391e+05	2.163791597557292e+05	-6.222406355924770e+03	-3.433981630919297e+02	3.123866990920305e+02	1.286815976002302e+03
4.166677043525675e+00	1.289393951413117e+03	3.844430702708654e+01	-4.898245451961165e-01	-3.054831416609207e-02	1.096077597764357e+04	2.106607327572041e+05	2.166281220611892e+05	-6.185197300656005e+03	-3.453628714718175e+02	3.106395905696247e+02	1.289393951413117e+03
4.336745494281826e+00	1.291909491701907e+03	3.845078479721071e+01	-4.804264941182652e-01	-3.085902656375528e-02	1.101945942989749e+04	2.108487154320817e+05	2.168744263258976e+05	-6.144885100817780e+03	-3.475152631151253e+02	3.087055876989897e+02	1.291909491701907e+03
4.506813945037976e+00	1.294363504331248e+03	3.845752367538694e+01	-4.709710737650987e-01	-3.118834798312213e-02	1.108058281465587e+04	2.110318485491473e+05	2.171183093753908e+05	-6.101467259182026e+03	-3.498565533206986e+02	3.065834260034067e+02	1.294363504331248e+03
4.676882395794125e+00	1.296756896763716e+03	3.846450502628280e+01	-4.614698067440816e-01	-3.153513823711687e-02	1.114409911624296e+04	2.112104001051435e+05	2.173599910377405e+05	-6.054950302519956e+03	-3.523874174882062e+02	3.042723804763818e+02	1.296756896763716e+03
4.846950846550276e+00	1.299090576461887e+03	3.847171070385325e+01	-4.519337869065078e-01	-3.189828852873808e-02	1.120995656184953e+04	2.113846259631815e+05	2.175996743667197e+05	-6.005349496973914e+03	-3.551079668316632e+02	3.017722448501491e+02	1.299090576461887e+03
5.017019297306426e+00	1.301365450888337e+03	3.847912303682248e+01	-4.423736887017797e-01	-3.227672053171479e-02	1.127809891240275e+04	2.115547701334916e+05	2.178375461999767e+05	-5.952688472657300e+03	-3.580178017508799e+02	2.990833107995430e+02	1.301365450888337e+03
5.187087748062575e+00	1.303582427505643e+03	3.848672481489948e+01	-4.327997759901682e-01	-3.266938551733054e-02	1.134846573770231e+04	2.117210652016167e+05	2.180737778732705e+05	-5.896999027230710e+03	-3.611160145966841e+02	2.962063639953977e+02	1.303582427505643e+03
5.357156198818726e+00	1.305742413776380e+03	3.849449927569331e+01	-4.232219103393246e-01	-3.307526352527468e-02	1.142099269768637e+04	2.118837329655689e+05	2.183085261312405e+05	-5.838320877651966e+03	-3.644011964364996e+02	2.931426416511213e+02	1.305742413776380e+03
5.527224649574876e+00	1.307846317163124e+03	3.850243009229646e+01	-4.136495588284823e-01	-3.349336257649874e-02	1.149561181381185e+04	2.120429844244207e+05	2.185419333938738e+05	-5.776701402852616e+03	-3.678714913320158e+02	2.898938444109127e+02	1.307846317163124e+03
5.697293100331026e+00	1.309895045128452e+03	3.851050136150624e+01	-4.040918013830316e-01	-3.392271792616699e-02	1.157225175122673e+04	2.121990204445840e+05	2.187741286848564e+05	-5.712195404560464e+03	-3.715245966393637e+02	2.864620924634275e+02	1.309895045128452e+03
5.867361551087176e+00	1.311889505134939e+03	3.851869759265565e+01	-3.945573376609762e-01	-3.436239135489422e-02	1.165083808803762e+04	2.123520312811448e+05	2.190052274235513e+05	-5.644864768203407e+03	-3.753577823005055e+02	2.828499417000604e+02	1.311889505134939e+03
6.037430001843326e+00	1.313830604747930e+03	3.852700369815068e+01	-3.850544930093496e-01	-3.481147050788536e-02	1.173129358543383e+04	2.125021980202917e+05	2.192353331419357e+05	-5.574778316341793e+03	-3.793679090060436e+02	2.790603332196555e+02	1.313830604747930e+03
6.207498452599476e+00	1.315719251224465e+03	3.853540497894403e+01	-3.755912265256312e-01	-3.526906821236116e-02	1.181353844388328e+04	2.126496916878170e+05	2.194645368358823e+05	-5.502011546230772e+03	-3.835514518804258e+02	2.750966045084744e+02	1.315719251224465e+03
6.377566903355626e+00	1.317556352129888e+03	3.854388712178822e+01	-3.661751336998373e-01	-3.573432194186073e-02	1.189749058849182e+04	2.127946741836117e+05	2.196929181955060e+05	-5.426646380989137e+03	-3.879045544529222e+02	2.709624664420370e+02	1.317556352129888e+03
6.547635354111776e+00	1.319342814926775e+03	3.855243618574816e+01	-3.568134537168465e-01	-3.620639319896341e-02	1.198306592710805e+04	2.129372984225676e+05	2.199205459820246e+05	-5.348770943308725e+03	-3.924229657938311e+02	2.666619823001953e+02	1.319342814926775e+03
6.717703804867926e+00	1.321079547077702e+03	3.856103859483024e+01	-3.475130738854790e-01	-3.668446698543532e-02	1.207017860798036e+04	2.130777091126715e+05	2.201474790830906e+05	-5.268479335654113e+03	-3.971021131258481e+02	2.621995539518087e+02	1.321079547077702e+03
6.887772255624077e+00	1.322767455971413e+03	3.856968113087751e+01	-3.382805346352223e-01	-3.716775129234765e-02	1.215874129149525e+04	2.132160418413921e+05	2.203737658448037e+05	-5.185871443222219e+03	-4.019371129980850e+02	2.575799162077169e+02	1.322767455971413e+03
7.057840706380226e+00	1.324407449218149e+03	3.857835092229349e+01	-3.291220321709971e-01	-3.765547660796927e-02	1.224866542075860e+04	2.133524243561115e+05	2.205994456367074e+05	-5.101052622660624e+03	-4.069227874695069e+02	2.528081161992799e+02	1.324407449218149e+03
7.227909157136376e+00	1.326000434206653e+03	3.858703544243770e+01	-3.200434248555886e-01	-3.814689547302172e-02	1.233986146876922e+04	2.134869764022754e+05	2.208245489202560e+05	-5.014133575187882e+03	-4.120536552055376e+02	2.478895001507567e+02	1.326000434206653e+03
7.397977607892527e+00	1.327547318399501e+03	3.859572249919109e+01	-3.110502352568755e-01	-3.864128204123248e-02	1.243223920577725e+04	2.136198100175530e+05	2.210490978302788e+05	-4.925230111617831e+03	-4.173239875574087e+02	2.428296975371299e+02	1.327547318399501e+03
7.568046058648677e+00	1.329049009259270e+03	3.860440022953945e+01	-3.021476539334133e-01	-3.913793167476437e-02	1.252570797543738e+04	2.137510299706992e+05	2.212731068540062e+05	-4.834462870626272e+03	-4.227277678368735e+02	2.376346121786950e+02	1.329049009259270e+03
7.738114509404826e+00	1.330506414248536e+03	3.861305709361238e+01	-2.933405425460765e-01	-3.963616056127011e-02	1.262017694159389e+04	2.138807333896456e+05	2.214965827370367e+05	-4.741957177840752e+03	-4.282587995924524e+02	2.323103979800400e+02	1.330506414248536e+03
7.908182960160977e+00	1.331920440829874e+03	3.862168186908706e+01	-2.846334367124324e-01	-4.013530535363776e-02	1.271555537405303e+04	2.140090103312604e+05	2.217195252929215e+05	-4.647842723119366e+03	-4.339106158941809e+02	2.268634588200507e+02	1.331920440829874e+03
8.078251410917128e+00	1.333291996465861e+03	3.863026364594253e+01	-2.760305486156897e-01	-4.063472283150217e-02	1.281175288348705e+04	2.141359447033285e+05	2.219419286170383e+05	-4.552253541631902e+03	-4.396765533928202e+02	2.213004247754925e+02	1.333291996465861e+03
8.248319861673277e+00	1.334621988619073e+03	3.863879182155055e+01	-2.675357693796262e-01	-4.113378958363940e-02	1.290867971358140e+04	2.142616135694000e+05	2.221637806276012e+05	-4.455327622058591e+03	-4.455497506748520e+02	2.156281341835495e+02	1.334621988619073e+03
8.418388312429428e+00	1.335901458923165e+03	3.864738361009709e+01	-2.592167561380115e-01	-4.163220916812260e-02	1.300550401178157e+04	2.143831449351710e+05	2.223813781932007e+05	-4.355728569256655e+03	-4.515161137295826e+02	2.098500771393071e+02	1.335901458923165e+03
8.588456763185578e+00	1.337143654473582e+03	3.865586886651379e+01	-2.509973395925462e-01	-4.212901827682530e-02	1.310304780111349e+04	2.145043048094880e+05	2.225993100080996e+05	-4.255436666332993e+03	-4.575771778491315e+02	2.039778237661097e+02	1.337143654473582e+03
8.758525213941727e+00	1.338349126288280e+03	3.866424285685351e+01	-2.428823228985895e-01	-4.262365999772124e-02	1.320120930340815e+04	2.146250324006293e+05	2.228174142573094e+05	-4.154555543624489e+03	-4.637253782383930e+02	1.980187056809511e+02	1.338349126288280e+03
8.928593664697878e+00	1.339518425385216e+03	3.867250104418311e+01	-2.348763123901609e-01	-4.311559664404623e-02	1.329988573466771e+04	2.147452652187448e+05	2.230355264794286e+05	-4.053189848346640e+03	-4.699530142383101e+02	1.919802087533183e+02	1.339518425385216e+03
9.098662115454028e+00	1.340652102782347e+03	3.868063908693046e+01	-2.269837192789874e-01	-4.360430953165742e-02	1.339897346905265e+04	2.148649383654746e+05	2.232534790035001e+05	-3.951444941852177e+03	-4.762522580008720e+02	1.858699567087086e+02	1.340652102782347e+03
9.268730566210177e+00	1.341750709497629e+03	3.868865283735579e+01	-2.192087612285847e-01	-4.408929876959820e-02	1.349836820138320e+04	2.149839850195853e+05	2.234711015839085e+05	-3.849426807450491e+03	-4.826151765760102e+02	1.796956859513978e+02	1.341750709497629e+03
9.438799016966328e+00	1.342814796559240e+03	3.869653834024786e+01	-2.115554637343605e-01	-4.457008306626629e-02	1.359796509775085e+04	2.151023367796595e+05	2.236882219068564e+05	-3.747241920611837e+03	-4.890337081266310e+02	1.734652426169912e+02	1.342814796559240e+03
9.608867467722478e+00	1.343844914964696e+03	3.870429183120998e+01	-2.040276617548290e-01	-4.504619953352348e-02	1.369765895898730e+04	2.152199234706742e+05	2.239046655392045e+05	-3.644997028113632e+03	-4.954997018365008e+02	1.671865587100134e+02	1.343844914964696e+03
9.778935918478627e+00	1.344841615742174e+03	3.871190973610947e+01	-1.966290004957789e-01	-4.551720353134951e-02	1.379734436599638e+04	2.153366738718124e+05	2.241202568367190e+05	-3.542799061417411e+03	-5.020049575222451e+02	1.608676498446056e+02	1.344841615742174e+03
9.949004369234778e+00	1.348676149961903e+03	3.875390702710894e+01	-1.677830997670108e-01	-4.282240143377621e-02	1.420270509209666e+04	2.162293797482965e+05	2.253948107128294e+05	-2.969778496594952e+03	-4.332196565115447e+02	1.976357727590845e+02	1.348676149961903e+03
1.011907281999093e+01	1.349921663213502e+03	3.876452360539109e+01	-1.582918709687055e-01	-4.327918784464659e-02	1.433485554137099e+04	2.164076660903109e+05	2.257043173462673e+05	-2.822488472946831e+03	-4.396741296110357e+02	1.912983418916825e+02	1.349921663213502e+03
1.028914127074708e+01	1.350821417214785e+03	3.877167305921419e+01	-1.513330534280540e-01	-4.373340501386416e-02	1.443343711367579e+04	2.165207415606560e+05	2.259151055058274e+05	-2.721658585671007e+03	-4.462548582990957e+02	1.848923046573795e+02	1.350821417214785e+03
1.045920972150323e+01	1.351689957659918e+03	3.877867578524744e+01	-1.445151544767367e-01	-4.418085191546046e-02	1.453159903769129e+04	2.166327003940895e+05	2.261243540704677e+05	-2.621289280218408e+03	-4.528412821622196e+02	1.784789636966695e+02	1.351689957659918e+03
1.062927817225938e+01	1.352527835566856e+03	3.878552913047369e+01	-1.378408937591338e-01	-4.462117520706241e-02	1.462923740108003e+04	2.167434674313977e+05	2.263318850669543e+05	-2.521485570570291e+03	-4.594250554122240e+02	1.720665065542109e+02	1.352527835566856e+03
1.079934662301553e+01	1.353335601953556e+03	3.879223062669729e+01	-1.313128068394250e-01	-4.505403892059558e-02	1.472624903731043e+04	2.168529671036204e+05	2.265375208661157e+05	-2.422351696398549e+03	-4.659978210861128e+02	1.656631187653473e+02	1.353335601953556e+03
1.096941507377168e+01	1.354113807837975e+03	3.879877799003093e+01	-1.249332457508167e-01	-4.547912436277388e-02	1.482253168146117e+04	2.169611240299866e+05	2.267410849500017e+05	-2.323990934638382e+03	-4.725512656779430e+02	1.592769573860076e+02	1.354113807837975e+03
1.113948352452783e+01	1.354863004238071e+03	3.880516912046507e+01	-1.187043794617034e-01	-4.589613002437359e-02	1.491798414479213e+04	2.170678626665806e+05	2.269424017129178e+05	-2.226505434504334e+03	-4.790771010096788e+02	1.529161527577237e+02	1.354863004238071e+03
1.130955197528398e+01	1.355583742171798e+03	3.881140210151698e+01	-1.126281942619346e-01	-4.630477149796796e-02	1.501250647314558e+04	2.171731076175269e+05	2.271412969431098e+05	-2.129996014492675e+03	-4.855671285390202e+02	1.465887731590938e+02	1.355583742171798e+03
1.147962042604013e+01	1.356276572657116e+03	3.881747519995595e+01	-1.067064940722849e-01	-4.670478140380726e-02	1.510600012127067e+04	2.172767841608553e+05	2.273375985052988e+05	-2.034562040367574e+03	-4.920131765472042e+02	1.403028273776299e+02	1.356276572657116e+03
1.164968887679628e+01	1.356942046711979e+03	3.882338686560210e+01	-1.009409006801538e-01	-4.709590932353742e-02	1.519836810995370e+04	2.173788185494932e+05	2.275311368176527e+05	-1.940301277652585e+03	-4.984071767353656e+02	1.340662399128111e+02	1.356942046711979e+03
1.181975732755243e+01	1.357580715354345e+03	3.882913573119539e+01	-9.533285390446432e-02	-4.747792174145751e-02	1.528951520630494e+04	2.174791372959229e+05	2.277217442914696e+05	-1.847309654618723e+03	-5.047411679876109e+02	1.278868433898146e+02	1.357580715354345e+03
1.198982577830858e+01	1.358193129602171e+03	3.883472061233226e+01	-8.988361169266734e-02	-4.785060199302382e-02	1.537934808333134e+04	2.175776682015078e+05	2.279092565385161e+05	-1.755681128079565e+03	-5.110073178211915e+02	1.217723625855602e+02	1.358193129602171e+03
1.215989422906473e+01	1.358779840473413e+03	3.884014050746683e+01	-8.459425015270813e-02	-4.821375022031436e-02	1.546777550448644e+04	2.176743404575869e+05	2.280935126274720e+05	-1.665507516512284e+03	-5.171978833469659e+02	1.157303916243087e+02	1.358779840473413e+03
1.232996267982088e+01	1.359341398986028e+03	3.884539459797401e+01	-7.946566352276233e-02	-4.856718333417408e-02	1.555470847887242e+04	2.177690846127022e+05	2.282743552382269e+05	-1.576878353987449e+03	-5.233053035032746e+02	1.097683835607116e+02	1.359341398986028e+03
1.250003113057703e+01	1.359878356157973e+03	3.885048224827159e+01	-7.449856408150476e-02	-4.891073498276611e-02	1.564006045335238e+04	2.178618328648488e+05	2.284516311066936e+05	-1.489880635384873e+03	-5.293221438001633e+02	1.038936418736345e+02	1.359878356157973e+03
1.267009958133318e+01	1.360391263007204e+03	3.885540300599872e+01	-6.969348200163532e-02	-4.924425552626010e-02	1.572374747064690e+04	2.179525191203226e+05	2.286251912726911e+05	-1.404598701817921e+03	-5.352411981372304e+02	9.811329898636920e+01	1.360391263007204e+03
1.284016803208933e+01	1.360880670551679e+03	3.886015660224808e+01	-6.505076514934803e-02	-4.956761201739305e-02	1.580568835981809e+04	2.180410795374225e+05	2.287948917827645e+05	-1.321114056305723e+03	-5.410553970734614e+02	9.243430499965189e+01	1.360880670551679e+03
1.301023648284548e+01	1.361347129809354e+03	3.886474295184895e+01	-6.057057883240092e-02	-4.988068818764246e-02	1.588580490449777e+04	2.181274522768532e+05	2.289605936244712e+05	-1.239505176109791e+03	-5.467579041535953e+02	8.686340209428556e+01	1.361347129809354e+03
1.318030493360163e+01	1.361791191798186e+03	3.886916215369879e+01	-5.625290549941182e-02	-5.018338443875560e-02	1.596402202588638e+04	2.182115781748019e+05	2.291221635710865e+05	-1.159847364426106e+03	-5.523420971020950e+02	8.140711955641619e+01	1.361791191798186e+03
1.335037338435778e+01	1.362213407536132e+03	3.887341449114041e+01	-5.209754439298336e-02	-5.047561783938236e-02	1.604026795623349e+04	2.182934004874273e+05	2.292794741097806e+05	-1.082212502394010e+03	-5.578016112637795e+02	7.607175796798420e+01	1.362213407536132e+03
1.352044183511393e+01	1.362614328041147e+03	3.887750043238245e+01	-4.810411115923666e-02	-5.075732212656222e-02	1.611447443161355e+04	2.183728654950207e+05	2.294324042126914e+05	-1.006668944498053e+03	-5.631303208812520e+02	7.086336690572315e+01	1.362614328041147e+03
1.369051028587008e+01	1.362994504331190e+03	3.888142063096038e+01	-4.427203741631586e-02	-5.102844771181905e-02	1.618657686497524e+04	2.184499224901589e+05	2.295808395142793e+05	-9.332812796233943e+02	-5.683223491995507e+02	6.578773407747863e+01	1.362994504331190e+03
1.386057873662623e+01	1.363354487424217e+03	3.888517592623563e+01	-4.060057028440905e-02	-5.128896169161980e-02	1.625651453212683e+04	2.185245242031035e+05	2.297246729155022e+05	-8.621101931562143e+02	-5.733721294064221e+02	6.085036807218357e+01	1.363354487424217e+03
1.403064718738238e+01	1.363694828338185e+03	3.888876734393011e+01	-3.708877187981885e-02	-5.153884786195563e-02	1.632423075744586e+04	2.185966262880699e+05	2.298638042516581e+05	-7.932122129514869e+02	-5.782744116462640e+02	5.605648790205792e+01	1.363694828338185e+03
1.420071563813853e+01	1.364016078091049e+03	3.889219609669384e+01	-3.373551877560593e-02	-5.177810673680593e-02	1.638967310302224e+04	2.186661887761010e+05	2.299981419258981e+05	-7.266396007300739e+02	-5.830242351500907e+02	5.141099690125212e+01	1.364016078091049e+03
1.437078408889468e+01	1.364318787700768e+03	3.889546358470295e+01	-3.053950143132079e-02	-5.200675557024768e-02	1.645279355208658e+04	2.187331750963251e+05	2.301276021193007e+05	-6.624401208032916e+02	-5.876169722719314e+02	4.691847142914997e+01	1.364318787700768e+03
1.454085253965083e+01	1.364603508185298e+03	3.889857139628565e+01	-2.749922359433434e-02	-5.222482838197376e-02	1.651354869754459e+04	2.187975531346425e+05	2.302521100357042e+05	-6.006568606468777e+02	-5.920483581004185e+02	4.258314705365805e+01	1.364603508185298e+03
1.471092099040698e+01	1.364870790562595e+03	3.890152130857355e+01	-2.461300167527491e-02	-5.243237598598517e-02	1.657189993474796e+04	2.188592948355839e+05	2.303715996878686e+05	-5.413280424862880e+02	-5.963144953498535e+02	3.840889847339520e+01	1.364870790562595e+03
1.488098944116313e+01	1.365121185850617e+03	3.890431528817595e+01	-2.187896410007873e-02	-5.262946602222357e-02	1.662781365325654e+04	2.189183767567648e+05	2.304860146395827e+05	-4.844867912529461e+02	-6.004118731714888e+02	3.439922731767058e+01	1.365121185850617e+03
1.505105789191928e+01	1.365355245067320e+03	3.890695549187448e+01	-1.929505064116240e-02	-5.281618299091059e-02	1.668126142663119e+04	2.189747802471385e+05	2.305953083758390e+05	-4.301610259157785e+02	-6.043373596714036e+02	3.055724147347405e+01	1.365355245067320e+03
1.522112634267543e+01	1.365573519230661e+03	3.890944426733557e+01	-1.685901173022886e-02	-5.299262828936172e-02	1.673222020423959e+04	2.190284917475707e+05	2.306994447955320e+05	-3.783732033623684e+02	-6.080882663785898e+02	2.688563900599582e+01	1.365573519230661e+03
1.539119479343158e+01	1.365776559358596e+03	3.891178415383817e+01	-1.456840775522427e-02	-5.315892025104234e-02	1.678067251174778e+04	2.190795026293735e+05	2.307983982355960e+05	-3.291401239477490e+02	-6.116623192315313e+02	2.338669696744769e+01	1.365776559358596e+03
1.556126324418773e+01	1.365964916469083e+03	3.891397788301444e+01	-1.242060834396889e-02	-5.331519418663427e-02	1.682660663965113e+04	2.191278098051914e+05	2.308921542815360e+05	-2.824727552226478e+02	-6.150577193676949e+02	2.006224531399552e+01	1.365964916469083e+03
1.573133169494388e+01	1.366139141580078e+03	3.891602837960041e+01	-1.041279163699459e-02	-5.346160242688089e-02	1.687001684813027e+04	2.191734159025099e+05	2.309807101262542e+05	-2.383760302219421e+02	-6.182730927205234e+02	1.691365889360974e+01	1.366139141580078e+03
1.590140014570003e+01	1.366299785709538e+03	3.891793876219453e+01	-8.541943552130523e-03	-5.359831436697880e-02	1.691090355511571e+04	2.192163293328631e+05	2.310640748432654e+05	-1.968486699479191e+02	-6.213075927540912e+02	1.394183119293819e+01	1.366299785709538e+03
1.607146859645618e+01	1.366447399875419e+03	3.891971234402120e+01	-6.804857043390002e-03	-5.372551651228395e-02	1.694927354384851e+04	2.192565644837976e+05	2.311422697649874e+05	-1.578829181092957e+02	-6.241608483635428e+02	1.114717086662395e+01	1.366447399875419e+03
1.624153704721233e+01	1.366582535095679e+03	3.892135263369681e+01	-5.198131356723834e-03	-5.384341252509950e-02	1.698514015182706e+04	2.192941423074245e+05	2.312153292779291e+05	-1.214644187437196e+02	-6.268330292048227e+02	8.529570429914610e+00	1.366582535095679e+03
1.641160549796848e+01	1.366705742388274e+03	3.892286333599581e+01	-3.718171285218732e-03	-5.395222327231256e-02	1.701852348370214e+04	2.193290900721336e+05	2.312833007586755e+05	-8.757196964752187e+01	-6.293248113287203e+02	6.088399395935796e+00	1.366705742388274e+03
1.658167394872463e+01	1.366817572771161e+03	3.892424835261387e+01	-2.361186426333776e-03	-5.405218687364576e-02	1.704945060007403e+04	2.193614418851213e+05	2.313462453062467e+05	-5.617735014998271e+01	-6.316374544488044e+02	3.822477747358282e+00	1.366817572771161e+03
1.675174239948078e+01	1.366918577262296e+03	3.892551178292603e+01	-1.123190443782832e-03	-5.414355875028943e-02	1.707795572746680e+04	2.193912387802539e+05	2.314042380199469e+05	-2.724507868807744e+01	-6.337727745110171e+02	1.730069473486428e+00	1.366918577262296e+03
1.692181085023693e+01	1.367009306879637e+03	3.892665792473656e+01	-3.366870158995636e-10	-5.422661167367895e-02	1.710408045634466e+04	2.194185289867581e+05	2.314573684711903e+05	-7.322366559631873e-01	-6.357331805639024e+02	-1.911417519138810e-01	1.367009306879637e+03
