2 0.000000 1004.640620 2013.627537
25 16 
1 -6.757314 0.000000 -7.274507 943.998805 -0.000000 343.640191 0.000080 
2 9.208643 0.000000 -7.274507 944.192898 -0.000000 342.975775 0.000169 
3 9.208643 0.000000 7.257253 945.114591 -0.000000 340.786870 -0.000074 
4 -6.757314 0.000000 7.257253 944.132517 -0.000000 343.638339 -0.000169 
5 1.225664 0.000000 -0.008627 942.868131 0.000000 -0.000000 0.119194 
6 -6.757314 0.000000 -0.008627 944.066835 -0.000000 343.652686 -0.000056 
7 1.225664 0.000000 -7.274507 942.932686 -0.000000 343.074507 0.002458 
8 9.208643 0.000000 -0.008627 946.941796 -0.000000 335.576410 -0.000007 
9 1.225664 0.000000 7.257253 945.502071 -0.000000 342.960121 -0.002272 
10 -2.765825 0.000000 -3.641567 943.816626 -0.000000 343.740170 0.000352 
11 -6.757314 0.000000 -3.641567 944.027067 0.000000 343.649266 0.000021 
12 -2.765825 0.000000 -7.274507 943.763212 0.000000 343.658896 0.000508 
13 1.225664 0.000000 -3.641567 939.631045 -0.000000 341.330172 0.009799 
14 -2.765825 0.000000 -0.008627 944.099184 -0.000000 343.794862 -0.000213 
15 5.217154 0.000000 -3.641567 944.637955 -0.000000 340.993961 0.000679 
16 5.217154 0.000000 -7.274507 943.998853 -0.000000 342.743458 0.000689 
17 9.208643 0.000000 -3.641567 944.539880 -0.000000 342.080233 0.000127 
18 5.217154 0.000000 -0.008627 956.046792 -0.000000 310.239441 -0.000962 
19 5.217154 0.000000 3.624313 947.767186 -0.000000 333.742870 -0.000341 
20 1.225664 0.000000 3.624313 949.480867 -0.000000 341.043097 -0.008443 
21 9.208643 0.000000 3.624313 962.121512 -0.000000 293.976359 -0.002771 
22 5.217154 0.000000 7.257253 944.887213 -0.000000 341.930076 -0.000421 
23 -2.765825 0.000000 3.624313 944.375254 -0.000000 343.734394 -0.000689 
24 -6.757314 0.000000 3.624313 944.105978 -0.000000 343.648270 -0.000126 
25 -2.765825 0.000000 7.257253 944.413541 0.000000 343.649844 -0.000703 
1 1 12 10 11 
2 12 7 13 10 
3 10 13 5 14 
4 11 10 14 6 
5 7 16 15 13 
6 16 2 17 15 
7 15 17 8 18 
8 13 15 18 5 
9 5 18 19 20 
10 18 8 21 19 
11 19 21 3 22 
12 20 19 22 9 
13 6 14 23 24 
14 14 5 20 23 
15 23 20 9 25 
16 24 23 25 4 
