Force Coefficients for group 1 --> /Users/gabrielkern/Documents/hypersonics/supersonicUAV/OpenVSP/Mach1Sizing/Mach1_Sizing 

      Time              Cx               Cy               Cz               Cxo              Cyo              Czo              Cxi              Cyi              Czi              Cmx              Cmy              Cmz             Cmxo            Cmyo              Cmzo             Cmxi             Cmyi             Cmzi              CL               CD               CS              CLo              CDo              CSo              CLi               CDi             CSi              Cwx              Cwy              Cwz              Cxiw             Cyiw             Cziw             CLw              CDw              CSw               CLiw            CDiw             CSiw
  1.000000000000   0.004717331003   0.000000000000   0.000000000000   0.004717331003   0.000000000000   0.000000000000   0.000000000000   0.000000000000   0.000000000000   0.000000000000  -0.000018941050  -0.000000000000   0.000000000000  -0.000018941050  -0.000000000000   0.000000000000   0.000000000000   0.000000000000  -0.001613422226   0.004432841133   0.000000000000  -0.001613422226   0.004432841133   0.000000000000   0.000000000000   0.000000000000   0.000000000000   0.004717331003   0.000000000000   0.000000000000   0.000000000000   0.000000000000   0.000000000000  -0.001613422226   0.004432841133   0.000000000000   0.000000000000   0.000000000000   0.000000000000 
  2.000000000000  -0.030557111314   0.000000000000   0.872949912274   0.185784192449   0.000000000000   0.000000000000  -0.216341303762   0.000000000000   0.872949912274  -0.000000000000  -1.214490809579   0.000000000000   0.000000000000  -0.001553070794   0.000000000000  -0.000000000000  -1.212937738785   0.000000000000   0.830755738471   0.269852162098   0.000000000000  -0.063541936129   0.174580034703   0.000000000000   0.894297674600   0.095272127395   0.000000000000  -0.061078615847  -0.000000000000   1.001880088796  -0.246862808296  -0.000000000000   1.001880088796   0.962349443300   0.285268046966  -0.000000000000   1.025891379429   0.110688012263  -0.000000000000 
  3.000000000000   0.093050686153   0.000000000000   0.769762960226   0.310396153667   0.000000000000   0.000000000000  -0.217345467514   0.000000000000   0.769762960226   0.000000000000  -1.001049814778   0.000000000000   0.000000000000  -0.002581376697  -0.000000000000   0.000000000000  -0.998468438081   0.000000000000   0.691515364464   0.350713481121   0.000000000000  -0.106161736965   0.291676975122   0.000000000000   0.797677101429   0.059036505999   0.000000000000   0.018299863576  -0.000000000000   0.998868191003  -0.292096290091  -0.000000000000   0.998868191003   0.932370146260   0.358829288614  -0.000000000000   1.038531883225   0.067152313493  -0.000000000000 
  4.000000000000   0.116777788267   0.000000000000   0.686209176704   0.312761493963   0.000000000000   0.000000000000  -0.195983705695   0.000000000000   0.686209176704   0.000000000000  -0.839218150726   0.000000000000   0.000000000000  -0.002286240199  -0.000000000000   0.000000000000  -0.836931910527   0.000000000000   0.604885343784   0.344432586874   0.000000000000  -0.106970730992   0.293899667943   0.000000000000   0.711856074775   0.050532918932   0.000000000000  -0.004399433607   0.000000000000   0.929469904011  -0.317160927570   0.000000000000   0.929469904011   0.874920704954   0.313763314490   0.000000000000   0.981891435946   0.019863646548   0.000000000000 
  5.000000000000   0.115714209559   0.000000000000   0.649696639465   0.296448840269   0.000000000000   0.000000000000  -0.180734630710   0.000000000000   0.649696639465  -0.000000000000  -0.771990944634   0.000000000000   0.000000000000  -0.001947508662  -0.000000000000  -0.000000000000  -0.770043435972   0.000000000000   0.570938547316   0.330945126591   0.000000000000  -0.101391474838   0.278570787641   0.000000000000   0.672330022154   0.052374338949   0.000000000000  -0.029116059842  -0.000000000000   0.884502343110  -0.325564900111  -0.000000000000   0.884502343110   0.841118603849   0.275157471582  -0.000000000000   0.942510078687  -0.003413316059  -0.000000000000 
  6.000000000000   0.109555363779   0.000000000000   0.638012136509   0.283070122685   0.000000000000   0.000000000000  -0.173514758906   0.000000000000   0.638012136509  -0.000000000000  -0.753219969655   0.000000000000   0.000000000000  -0.001751554563  -0.000000000000  -0.000000000000  -0.751468415092   0.000000000000   0.562065155428   0.321161369283   0.000000000000  -0.096815683932   0.265998905452   0.000000000000   0.658880839360   0.055162463831   0.000000000000  -0.043326004600  -0.000000000000   0.863711072960  -0.326396127286  -0.000000000000   0.863711072960   0.826441288055   0.254693458155  -0.000000000000   0.923256971987  -0.011305447297  -0.000000000000 
  7.000000000000   0.104935762988  -0.000000000000   0.638645198131   0.275620335743   0.000000000000   0.000000000000  -0.170684572756  -0.000000000000   0.638645198131  -0.000000000000  -0.756714477943  -0.000000000000   0.000000000000  -0.001645999214  -0.000000000000  -0.000000000000  -0.755068478729  -0.000000000000   0.564240035287   0.317036884335  -0.000000000000  -0.094267706734   0.258998395636   0.000000000000   0.658507742021   0.058038488698  -0.000000000000  -0.051748671105  -0.000000000000   0.858778237890  -0.327369006848  -0.000000000000   0.858778237890   0.824686660945   0.245091611635  -0.000000000000   0.918954367680  -0.013906784001  -0.000000000000 
  8.000000000000   0.102645318777  -0.000000000000   0.642370778716   0.272122460013   0.000000000000   0.000000000000  -0.169477141236  -0.000000000000   0.642370778716  -0.000000000000  -0.765231750434  -0.000000000000   0.000000000000  -0.001596971449  -0.000000000000  -0.000000000000  -0.763634778985  -0.000000000000   0.568524313928   0.316158794418  -0.000000000000  -0.093071362776   0.255711467625   0.000000000000   0.661595676704   0.060447326793  -0.000000000000  -0.056509241108  -0.000000000000   0.859765006983  -0.328631701121  -0.000000000000   0.859765006983   0.827242131414   0.240955634040  -0.000000000000   0.920313494190  -0.014755833585  -0.000000000000 
  9.000000000000   0.102276451081  -0.000000000000   0.645549153133   0.271439409150   0.000000000000   0.000000000000  -0.169162958068  -0.000000000000   0.645549153133  -0.000000000000  -0.772014799044   0.000000000000   0.000000000000  -0.001586608321  -0.000000000000  -0.000000000000  -0.770428190723   0.000000000000   0.571637169096   0.316899240239  -0.000000000000  -0.092837745622   0.255069609768   0.000000000000   0.664474914717   0.061829630471  -0.000000000000  -0.058471643603  -0.000000000000   0.862363293965  -0.329911052753  -0.000000000000   0.862363293965   0.830354903701   0.240000245382  -0.000000000000   0.923192649323  -0.015069364387  -0.000000000000 
 10.000000000000   0.103976056127   0.000000000000   0.648697334193   0.272720157747   0.000000000000   0.000000000000  -0.168744101620   0.000000000000   0.648697334193  -0.000000000000  -0.778409674760  -0.000000000000   0.000000000000  -0.001603507866  -0.000000000000  -0.000000000000  -0.776806166894  -0.000000000000   0.574014192445   0.319573087897   0.000000000000  -0.093275787440   0.256273119774   0.000000000000   0.667289979886   0.063299968123   0.000000000000  -0.059779142362  -0.000000000000   0.866326829580  -0.332499300108  -0.000000000000   0.866326829580   0.834526599784   0.240127207466  -0.000000000000   0.927802387224  -0.016145912309  -0.000000000000 
