2 0.000000 1004.640620 2013.627537
25 16 
1 -6.757314 0.000000 -7.274507 999.112701 0.000000 105.026188 0.000046 
2 9.208643 0.000000 -7.274507 999.147239 0.000000 104.633688 0.000059 
3 9.208643 0.000000 7.257253 999.220275 -0.000000 104.442158 -0.000046 
4 -6.757314 0.000000 7.257253 999.164285 -0.000000 105.025985 -0.000056 
5 1.225664 0.000000 -0.008627 998.386675 -0.000000 -0.000000 0.012411 
6 -6.757314 0.000000 -0.008627 999.138617 0.000000 105.031198 -0.000007 
7 1.225664 0.000000 -7.274507 998.648090 -0.000000 104.801442 0.001012 
8 9.208643 0.000000 -0.008627 1001.806599 -0.000000 79.575462 -0.000640 
9 1.225664 0.000000 7.257253 999.663326 -0.000000 104.788769 -0.000995 
10 -2.765825 0.000000 -3.641567 999.037698 -0.000000 105.063883 0.000186 
11 -6.757314 0.000000 -3.641567 999.123421 -0.000000 105.029769 0.000024 
12 -2.765825 0.000000 -7.274507 999.017600 0.000000 105.033120 0.000232 
13 1.225664 0.000000 -3.641567 997.271397 -0.000000 104.189871 0.003861 
14 -2.765825 0.000000 -0.008627 999.142042 0.000000 105.084677 -0.000025 
15 5.217154 0.000000 -3.641567 999.172705 -0.000000 103.492508 0.000244 
16 5.217154 0.000000 -7.274507 999.045327 -0.000000 104.587188 0.000270 
17 9.208643 0.000000 -3.641567 999.246309 -0.000000 103.788691 0.000037 
18 5.217154 0.000000 -0.008627 1004.970827 0.000000 49.331226 -0.003069 
19 5.217154 0.000000 3.624313 999.460777 -0.000000 102.833451 -0.000192 
20 1.225664 0.000000 3.624313 1001.114252 -0.000000 104.159683 -0.003741 
21 9.208643 0.000000 3.624313 999.441219 -0.000000 102.230989 -0.000031 
22 5.217154 0.000000 7.257253 999.310341 -0.000000 104.500105 -0.000236 
23 -2.765825 0.000000 3.624313 999.245873 -0.000000 105.063320 -0.000226 
24 -6.757314 0.000000 3.624313 999.153747 -0.000000 105.029659 -0.000036 
25 -2.765825 0.000000 7.257253 999.264493 0.000000 105.032162 -0.000256 
1 1 12 10 11 
2 12 7 13 10 
3 10 13 5 14 
4 11 10 14 6 
5 7 16 15 13 
6 16 2 17 15 
7 15 17 8 18 
8 13 15 18 5 
9 5 18 19 20 
10 18 8 21 19 
11 19 21 3 22 
12 20 19 22 9 
13 6 14 23 24 
14 14 5 20 23 
15 23 20 9 25 
16 24 23 25 4 
