Force Coefficients for group 0 --> /Users/gabrielkern/Documents/hypersonics/supersonicUAV/OpenVSP/Mach1Sizing/Mach1_Sizing 

      Time              Cx               Cy               Cz               Cxo              Cyo              Czo              Cxi              Cyi              Czi              Cmx              Cmy              Cmz             Cmxo            Cmyo              Cmzo             Cmxi             Cmyi             Cmzi              CL               CD               CS              CLo              CDo              CSo              CLi               CDi             CSi              Cwx              Cwy              Cwz              Cxiw             Cyiw             Cziw             CLw              CDw              CSw               CLiw            CDiw             CSiw
  1.000000000000   0.004274077887   0.000000000000   0.000000000000   0.004274077887   0.000000000000   0.000000000000   0.000000000000   0.000000000000   0.000000000000   0.000000000000  -0.000017110403  -0.000000000000   0.000000000000  -0.000017110403  -0.000000000000   0.000000000000   0.000000000000   0.000000000000  -0.001461820732   0.004016319451   0.000000000000  -0.001461820732   0.004016319451   0.000000000000   0.000000000000   0.000000000000   0.000000000000   0.004274077887   0.000000000000   0.000000000000   0.000000000000   0.000000000000   0.000000000000  -0.001461820732   0.004016319451   0.000000000000   0.000000000000   0.000000000000   0.000000000000 
  2.000000000000  -0.080100156161   0.000000000000   0.823582905685   0.119372777305   0.000000000000   0.000000000000  -0.199472933467   0.000000000000   0.823582905685  -0.000000000000   0.094770111329  -0.000000000000   0.000000000000  -0.001063331978  -0.000000000000  -0.000000000000   0.095833443307   0.000000000000   0.801310645968   0.206412417774   0.000000000000  -0.040827894403   0.112173717957   0.000000000000   0.842138540371   0.094238699818   0.000000000000  -0.115069315651  -0.000000000000   0.921084534799  -0.234442092956  -0.000000000000   0.921084534799   0.904892364302   0.206899677811  -0.000000000000   0.945720258705   0.094725959855  -0.000000000000 
  3.000000000000   0.002164984682   0.000000000000   0.754966135341   0.200514853807   0.000000000000   0.000000000000  -0.198349869125   0.000000000000   0.754966135341   0.000000000000   0.133862692598  -0.000000000000   0.000000000000  -0.001812746691  -0.000000000000   0.000000000000   0.135675439289   0.000000000000   0.708695637952   0.260248045945   0.000000000000  -0.068580119038   0.188422328480   0.000000000000   0.777275756990   0.071825717464   0.000000000000  -0.056810925132   0.000000000000   0.920451625973  -0.257325778939   0.000000000000   0.920451625973   0.884372081473   0.261428189913   0.000000000000   0.952952200511   0.073005861432   0.000000000000 
  4.000000000000  -0.000331369828   0.000000000000   0.691139286711   0.179776779455   0.000000000000   0.000000000000  -0.180108149283   0.000000000000   0.691139286711   0.000000000000   0.153898860238  -0.000000000000   0.000000000000  -0.001447383119  -0.000000000000   0.000000000000   0.155346243357   0.000000000000   0.649571822813   0.236072172116   0.000000000000  -0.061487279876   0.168934913043   0.000000000000   0.711059102689   0.067137259074   0.000000000000  -0.090140814152   0.000000000000   0.845918854387  -0.269917593607   0.000000000000   0.845918854387   0.825733679427   0.204616629929   0.000000000000   0.887220959303   0.035681716886   0.000000000000 
  5.000000000000  -0.015790823968  -0.000000000000   0.667055715225   0.154142365421   0.000000000000   0.000000000000  -0.169933189389  -0.000000000000   0.667055715225   0.000000000000   0.156788776286  -0.000000000000   0.000000000000  -0.001123128406  -0.000000000000   0.000000000000   0.157911904692   0.000000000000   0.632228113127   0.213307970568  -0.000000000000  -0.052719793914   0.144846443337   0.000000000000   0.684947907041   0.068461527232  -0.000000000000  -0.117659619479   0.000000000000   0.801095786778  -0.271801984900   0.000000000000   0.801095786778   0.793025759296   0.163427019623   0.000000000000   0.845745553210   0.018580576286   0.000000000000 
  6.000000000000  -0.026270344474  -0.000000000000   0.667286366213   0.141692085203   0.000000000000   0.000000000000  -0.167962429677  -0.000000000000   0.667286366213  -0.000000000000   0.152499742166  -0.000000000000   0.000000000000  -0.000988209020  -0.000000000000  -0.000000000000   0.153487951186   0.000000000000   0.636029061264   0.203539329763  -0.000000000000  -0.048461547289   0.133147006889   0.000000000000   0.684490608553   0.070392322875  -0.000000000000  -0.128872469629   0.000000000000   0.790407137700  -0.270564554832   0.000000000000   0.790407137700   0.786816735246   0.149234653789   0.000000000000   0.835278282535   0.016087646900   0.000000000000 
  7.000000000000  -0.031176798602   0.000000000000   0.675890548039   0.137914863829   0.000000000000   0.000000000000  -0.169091662431   0.000000000000   0.675890548039  -0.000000000000   0.147805351830  -0.000000000000   0.000000000000  -0.000946738106  -0.000000000000  -0.000000000000   0.148752089935   0.000000000000   0.645792453577   0.201871574526   0.000000000000  -0.047169661494   0.129597579837   0.000000000000   0.692962115071   0.072273994689   0.000000000000  -0.132189868290   0.000000000000   0.795397368793  -0.270104732119   0.000000000000   0.795397368793   0.792640635746   0.147824078301   0.000000000000   0.839810297240   0.018226498464   0.000000000000 
  8.000000000000  -0.031915266044  -0.000000000000   0.682302610234   0.138483794793   0.000000000000   0.000000000000  -0.170399060837  -0.000000000000   0.682302610234  -0.000000000000   0.145087126677  -0.000000000000   0.000000000000  -0.000954480866  -0.000000000000  -0.000000000000   0.146041607543  -0.000000000000   0.652070391846   0.203370696552  -0.000000000000  -0.047364247343   0.130132200066   0.000000000000   0.699434639190   0.073238496486  -0.000000000000  -0.131584672396   0.000000000000   0.802077028531  -0.270068467190   0.000000000000   0.802077028531   0.798710473525   0.150677354597   0.000000000000   0.846074720868   0.020545154531   0.000000000000 
  9.000000000000  -0.030876059275  -0.000000000000   0.684743241207   0.140223227782   0.000000000000   0.000000000000  -0.171099287057  -0.000000000000   0.684743241207  -0.000000000000   0.144302382335  -0.000000000000   0.000000000000  -0.000976299358  -0.000000000000  -0.000000000000   0.145278681692   0.000000000000   0.654008405114   0.205181976439  -0.000000000000  -0.047959168464   0.131766732410   0.000000000000   0.701967573578   0.073415244030  -0.000000000000  -0.130243366175  -0.000000000000   0.805831107665  -0.270466593958  -0.000000000000   0.805831107665   0.801779400239   0.153221740838  -0.000000000000   0.849738568703   0.021455008429  -0.000000000000 
 10.000000000000  -0.029684925403  -0.000000000000   0.684781065766   0.141502269556   0.000000000000   0.000000000000  -0.171187194959  -0.000000000000   0.684781065766  -0.000000000000   0.144592092770  -0.000000000000   0.000000000000  -0.000991578335  -0.000000000000  -0.000000000000   0.145583671105   0.000000000000   0.653636556795   0.206314212910  -0.000000000000  -0.048396626514   0.132968638526   0.000000000000   0.702033183309   0.073345574384  -0.000000000000  -0.129687646794   0.000000000000   0.806752213727  -0.271189916350   0.000000000000   0.806752213727   0.802454889587   0.154058983068   0.000000000000   0.850851516101   0.021090344541   0.000000000000 
